1
15
64 63 54 16 76 73 43 28 60 48 48 81 39 45 98 
75 47 92 14 69 30 99 29 68 20 53 88 23 95 39 
54 25 23 45 31 65 23 39 89 39 96 53 54 25 29 
98 44 61 63 20 70 95 49 99 12 32 14 94 55 18 
31 28 60 79 67 39 74 81 76 96 81 89 47 76 79 
12 31 80 29 25 44 43 63 63 80 45 48 62 98 44 
22 39 72 31 27 38 15 56 48 15 36 22 72 26 53 
31 58 55 53 24 40 84 72 33 51 24 35 48 19 95 
67 39 58 45 19 69 43 12 64 95 23 85 34 80 32 
67 67 26 29 96 97 62 87 35 35 58 17 92 75 85 
13 41 55 84 91 39 10 18 85 19 23 21 11 23 16 
15 16 49 92 83 39 16 39 87 75 29 86 63 40 91 
93 51 63 70 71 50 26 56 59 37 81 16 64 78 59 
80 78 82 41 45 53 54 31 31 43 89 70 86 83 85 
54 24 90 28 43 59 33 83 79 78 52 57 70 13 85 
