28 68 68 32 60 54 65 74 24 78 25 20 68 43 16 
94 92 36 52 39 49 36 32 28 34 54 57 90 62 36 
61 69 81 45 58 30 93 91 25 33 10 87 60 28 82 
30 34 31 13 95 40 67 91 59 26 89 80 16 87 41 
89 74 47 98 85 53 77 97 53 79 56 71 61 17 22 
48 93 65 42 40 65 75 73 84 42 28 17 96 84 51 
31 16 45 99 25 16 86 38 49 77 89 37 93 82 55 
52 68 11 98 24 70 34 77 25 86 36 15 59 23 61 
96 29 89 94 92 71 79 14 99 66 30 16 70 16 35 
41 30 22 14 27 37 92 21 25 42 18 98 61 14 79 
64 70 67 53 99 68 77 34 87 84 42 63 28 36 62 
19 86 44 61 43 22 34 39 16 59 44 10 44 48 14 
13 81 47 39 61 11 93 20 38 48 92 92 90 12 21 
84 55 51 96 66 14 33 20 12 98 89 55 80 28 30 
99 10 97 11 50 74 60 32 58 58 67 35 37 30 86 
83 80 44 19 90 68 91 27 65 84 84 74 24 93 48 
26 24 84 88 38 16 60 68 65 54 21 18 15 66 63 
12 82 29 71 23 98 21 47 90 96 22 81 82 28 27 
80 84 28 31 55 82 58 23 92 72 51 24 96 70 46 
39 54 39 14 11 38 74 24 80 21 26 70 90 16 71 
54 75 71 36 73 16 95 74 85 42 13 87 77 77 23 
98 33 15 84 39 69 98 11 24 38 56 51 25 90 48 
23 49 49 99 66 89 34 51 21 30 53 86 92 89 29 
34 64 20 21 50 87 36 50 44 29 95 24 66 12 36 
76 30 70 86 94 15 79 66 54 10 20 73 17 64 58 
29 34 65 33 36 44 42 37 47 61 60 43 52 13 44 
40 76 32 16 94 63 21 55 25 31 88 70 57 37 94 
76 40 61 12 69 53 15 43 73 86 16 19 55 15 93 
43 84 68 83 89 46 78 60 56 51 30 26 33 53 73 
61 89 62 41 73 22 77 37 32 19 41 20 12 88 45 
71 38 52 62 98 15 86 44 70 54 98 53 99 19 75 
46 88 30 57 49 39 61 65 15 10 44 20 78 99 22 
45 90 64 71 78 45 90 80 97 15 73 97 90 49 33 
21 21 72 88 93 90 36 77 20 53 88 29 61 74 15 
60 52 62 32 82 65 41 97 87 97 20 67 57 10 46 
64 11 67 86 46 35 67 72 91 77 26 70 28 36 92 
46 59 11 13 61 24 91 83 41 28 40 70 32 62 49 
47 77 59 59 59 83 96 70 24 81 83 27 14 75 17 
12 75 64 59 58 38 12 24 19 38 95 58 44 49 76 
30 88 71 88 80 56 95 54 54 62 45 19 64 39 59 
10 47 79 14 91 57 94 96 71 62 42 66 27 99 73 
89 86 55 47 11 19 60 25 76 61 36 94 30 44 16 
15 21 77 98 67 54 13 54 85 96 35 93 52 41 83 
47 76 89 46 50 92 51 50 43 23 30 95 49 66 74 
91 39 39 40 53 28 60 70 69 28 61 55 94 32 91 
41 89 39 46 46 72 48 81 91 85 45 84 53 13 58 
89 59 81 64 71 46 76 62 13 77 61 28 52 86 45 
54 57 64 25 84 33 26 25 20 69 29 35 31 17 81 
80 71 68 91 85 49 19 60 22 52 73 92 66 68 84 
47 80 82 15 82 28 18 13 68 83 20 50 12 83 14 
96 79 80 23 77 22 21 54 65 80 23 47 10 88 53 
12 68 33 16 63 17 92 93 79 90 80 53 43 73 21 
16 68 71 88 95 42 39 59 14 80 60 82 11 23 45 
33 98 59 10 33 63 30 95 82 37 49 38 19 28 90 
75 17 80 52 22 85 84 46 89 92 34 22 98 61 84 
52 16 54 61 14 96 74 86 97 99 50 38 53 48 81 
31 18 80 92 69 58 24 10 14 52 95 77 44 81 92 
76 92 75 80 31 68 16 96 31 22 83 12 57 81 13 
48 77 72 98 34 90 17 56 38 37 67 23 24 68 90 
14 72 30 64 69 66 99 64 72 85 96 42 96 73 18 
42 57 59 34 23 79 36 19 97 76 13 52 34 16 87 
61 73 90 76 15 43 55 85 56 20 20 14 50 94 32 
71 11 82 72 45 22 94 96 66 12 90 58 35 78 18 
91 46 29 86 23 87 67 89 41 10 81 91 99 22 84 
50 87 11 65 33 97 97 47 98 40 85 14 44 59 50 
12 33 47 54 47 98 83 43 72 61 92 56 26 75 20 
41 51 64 72 92 22 11 32 90 28 79 32 18 14 40 
23 89 97 60 76 71 87 80 46 96 73 26 93 58 60 
77 22 90 13 36 48 62 31 19 56 59 34 40 52 30 
87 34 51 90 48 31 50 63 68 25 67 72 61 63 31 
34 70 18 54 36 63 72 73 92 26 84 16 79 79 79 
43 76 88 10 94 33 74 75 87 77 94 81 96 20 26 
11 66 95 46 66 85 66 50 38 44 84 48 43 28 86 
84 77 21 40 23 58 86 28 24 27 81 69 32 91 47 
24 44 46 16 32 79 77 99 19 87 81 95 38 81 62 
77 55 21 78 44 40 81 60 68 74 90 82 73 23 11 
31 10 42 95 41 92 41 12 55 34 90 51 25 16 45 
33 90 68 70 84 40 49 33 23 36 19 34 98 37 48 
31 41 67 31 14 89 21 22 37 70 62 17 47 80 34 
86 23 38 16 71 15 15 87 66 70 86 37 70 16 27 
30 80 34 35 49 28 21 22 77 51 66 61 51 81 39 
76 88 39 62 94 59 21 74 97 64 51 38 16 54 77 
31 36 75 37 14 15 23 65 45 94 98 36 33 18 74 
44 45 96 35 16 47 93 36 24 93 68 11 94 88 61 
71 13 76 48 42 53 99 15 63 65 27 69 52 47 45 
81 57 14 90 46 95 48 58 92 75 68 11 33 66 56 
69 48 28 66 82 24 28 58 47 26 42 55 82 21 26 
82 14 86 27 99 49 24 65 61 35 65 40 14 34 42 
92 24 23 50 84 71 74 46 21 82 88 23 43 45 98 
79 48 21 45 18 40 13 14 16 95 52 38 60 45 97 
90 36 88 84 97 86 74 17 17 76 35 48 99 83 81 
71 85 46 28 64 72 99 51 42 49 15 92 41 23 72 
25 54 46 21 17 57 91 38 72 33 83 33 64 43 65 
98 12 17 17 44 59 87 15 38 98 82 16 59 96 56 
31 83 25 41 16 92 75 44 84 87 88 18 21 39 71 
44 60 73 16 38 50 41 45 96 50 41 54 80 66 16 
73 90 64 67 56 55 52 96 89 32 98 69 83 97 34 
92 48 71 50 42 98 15 97 29 48 28 54 15 15 20 
95 66 62 58 29 74 24 29 74 95 89 82 15 31 79 
36 65 79 66 31 67 30 19 96 74 96 45 49 46 54 
15 53 34 52 86 43 11 89 34 47 62 29 44 36 15 
62 38 15 47 11 31 69 78 86 91 81 77 89 16 23 
50 65 32 47 36 80 88 79 12 17 24 38 37 17 24 
27 47 20 65 50 65 23 31 81 33 90 27 44 34 57 
95 11 19 72 98 91 55 53 49 61 88 42 23 64 59 
43 15 22 48 11 31 80 22 79 28 48 87 73 35 91 
96 49 69 58 18 23 86 44 89 16 32 63 63 11 93 
41 33 57 91 39 67 66 27 39 52 57 25 65 68 92 
91 92 74 86 61 13 86 15 29 19 45 56 48 18 23 
27 66 90 14 70 86 97 26 48 38 18 47 82 77 99 
95 15 97 92 27 38 77 45 74 65 63 78 55 11 73 
20 88 89 55 23 88 10 43 98 34 93 92 90 23 37 
94 41 64 79 54 59 25 75 68 61 22 97 63 73 37 
87 57 53 48 83 50 11 82 34 44 98 49 35 60 35 
96 22 77 36 60 34 15 35 46 74 78 18 26 32 75 
22 47 57 56 35 23 81 71 41 23 11 92 69 88 48 
78 14 61 76 52 19 93 30 40 82 95 65 96 70 90 
95 82 55 41 25 65 95 60 60 56 66 14 77 60 23 
98 51 92 35 79 96 53 78 71 82 93 99 15 52 44 
10 47 53 12 79 18 14 55 41 92 85 28 24 39 65 
80 87 57 12 65 42 67 62 28 50 23 34 97 15 97 
14 53 78 26 59 87 72 35 12 30 61 58 64 21 15 
10 55 50 22 76 56 60 99 96 83 33 74 25 85 16 
22 25 34 85 97 36 33 44 63 41 16 30 45 75 42 
65 11 59 99 50 95 51 39 55 90 58 48 45 53 32 
45 86 85 22 46 47 84 57 61 98 47 95 20 92 72 
59 46 88 28 62 88 58 63 21 36 66 34 48 11 20 
53 98 41 31 46 69 18 48 54 68 17 92 97 18 29 
55 47 34 62 59 50 16 22 80 27 26 76 31 20 91 
83 52 20 51 15 30 35 49 87 73 16 71 97 93 33 
74 23 82 27 89 71 25 22 96 12 20 15 45 55 68 
14 33 23 92 76 81 27 77 79 16 72 27 49 48 62 
92 50 61 73 88 30 49 14 69 78 60 83 97 41 94 
31 15 10 73 78 93 42 65 84 75 95 74 95 20 38 
21 27 89 92 44 95 92 79 81 98 25 37 28 13 24 
89 92 10 72 77 47 37 23 73 68 89 76 70 51 83 
88 34 78 19 96 34 86 28 37 43 16 90 57 75 91 
67 47 55 32 68 79 91 25 99 98 11 60 43 12 95 
66 48 31 68 67 22 18 57 13 52 91 21 85 71 17 
93 76 17 60 89 40 28 80 59 80 58 68 10 49 14 
53 50 68 10 99 27 14 62 19 51 54 75 86 22 69 
15 87 63 72 84 70 44 64 24 24 74 93 40 76 13 
64 50 66 74 61 12 99 28 85 71 39 29 38 41 19 
99 79 91 79 54 79 37 90 63 12 89 68 95 40 28 
44 87 52 75 35 61 24 21 98 89 86 93 49 54 37 
41 27 63 27 68 69 16 16 35 89 14 27 47 98 43 
94 69 28 73 51 93 96 71 81 56 44 43 44 52 30 
16 56 44 26 28 39 84 69 88 55 25 56 34 86 70 
59 28 92 90 14 29 93 37 16 26 64 63 74 84 54 
45 58 36 94 89 86 51 40 36 76 41 96 63 83 50 
79 71 42 88 20 66 54 83 85 34 97 84 77 84 52 
86 91 14 45 83 62 84 35 46 45 10 59 41 44 44 
66 42 55 51 64 53 68 98 73 67 84 84 58 22 80 
98 23 12 93 44 37 62 80 95 38 32 50 32 75 93 
16 73 37 35 86 27 13 86 75 86 60 64 22 70 28 
39 71 60 81 94 56 88 75 28 69 90 48 90 96 47 
71 65 41 82 62 58 30 79 92 82 72 35 66 52 38 
35 52 81 44 66 55 10 25 31 44 46 75 39 76 12 
16 55 70 84 43 82 36 23 79 97 40 24 42 30 27 
76 10 29 83 39 39 99 94 56 43 75 27 78 61 13 
85 77 29 84 86 73 13 71 80 89 32 40 38 49 32 
38 46 32 52 27 88 16 93 45 81 57 89 83 74 66 
92 71 93 89 85 83 27 96 51 43 92 94 29 53 49 
98 25 44 90 13 28 41 98 39 11 71 65 41 22 42 
66 91 52 66 53 62 80 42 14 22 14 11 31 53 57 
86 77 16 16 15 30 11 85 89 96 89 58 99 76 41 
23 33 42 92 34 88 47 16 69 44 11 51 43 27 76 
23 57 45 51 14 90 98 54 67 96 72 97 14 71 60 
25 96 91 55 72 41 78 35 77 59 12 43 79 89 82 
52 26 78 87 69 65 84 36 34 40 17 71 67 22 95 
87 59 69 61 44 15 35 34 41 46 24 69 38 19 47 
94 31 20 44 69 70 38 25 21 60 90 92 21 99 36 
13 88 90 69 88 21 10 65 41 90 30 79 65 42 91 
53 25 10 28 93 25 61 73 23 40 36 39 80 73 69 
33 51 27 22 22 12 96 82 87 98 88 35 25 85 56 
45 36 81 71 12 21 86 17 39 90 35 47 58 76 53 
95 23 64 82 96 47 93 80 68 50 42 92 24 68 15 
52 40 11 31 24 78 49 44 10 29 36 26 33 48 91 
56 51 28 56 57 24 56 23 91 64 52 54 61 24 58 
16 74 19 52 66 89 82 61 73 18 89 71 40 67 50 
65 33 92 90 90 76 36 87 97 17 99 74 61 56 23 
51 24 50 81 80 87 81 56 91 77 75 10 43 59 73 
64 89 33 54 38 87 79 69 99 77 39 65 91 33 55 
50 48 31 14 86 64 12 79 20 41 32 13 96 60 68 
76 78 68 46 68 53 91 41 53 25 50 85 55 50 61 
12 16 59 72 52 24 95 16 96 81 56 52 33 45 77 
20 85 85 58 75 88 29 33 31 95 27 97 77 47 84 
58 24 61 43 45 69 15 17 41 25 43 18 21 13 90 
36 14 68 31 65 45 45 84 69 44 61 70 57 14 74 
88 49 88 77 42 25 71 28 59 59 17 27 55 36 16 
29 74 29 17 75 44 60 87 38 97 43 43 84 90 46 
45 56 92 16 55 99 19 21 51 99 26 40 22 60 94 
30 17 50 42 85 50 90 68 42 74 67 57 93 27 62 
56 71 98 80 73 47 20 39 42 70 87 15 24 71 55 
51 64 86 72 94 14 79 77 86 20 92 61 72 74 93 
13 11 51 88 88 25 56 49 27 41 89 23 51 78 38 
95 80 72 61 73 54 47 31 94 49 59 86 35 21 41 
64 13 91 53 26 85 15 55 66 46 38 72 66 92 11 
66 97 84 99 44 54 24 44 94 42 80 14 37 89 28 
11 70 28 66 71 77 23 25 48 27 46 15 39 34 26 
64 38 19 47 35 49 64 20 43 96 99 79 45 97 41 
47 98 20 29 38 53 95 60 65 58 52 56 37 92 93 
38 74 65 18 72 87 92 58 93 67 41 78 94 93 24 
66 14 12 86 90 60 48 94 23 49 70 14 99 25 91 
34 56 46 21 69 70 67 25 69 31 67 73 60 89 52 
39 68 35 79 37 91 25 93 51 34 17 19 22 79 19 
73 94 70 55 71 45 79 29 55 98 77 75 45 10 70 
38 29 28 30 76 70 97 53 26 50 32 60 74 58 44 
81 27 87 60 25 64 33 14 25 33 80 45 13 80 15 
68 30 21 36 84 66 92 70 63 69 44 31 15 80 74 
41 27 71 12 17 13 63 47 43 93 50 80 75 44 30 
61 54 67 71 14 84 67 92 21 34 23 51 31 49 16 
20 22 90 45 73 61 52 44 99 50 80 55 18 39 16 
42 11 90 56 50 27 77 95 17 95 97 41 26 41 21 
85 12 87 13 28 93 58 29 59 45 73 66 19 29 82 
88 84 84 96 28 47 35 66 78 92 23 54 95 26 41 
49 50 91 22 16 56 87 90 70 61 28 46 66 55 16 
39 91 41 22 61 34 20 60 18 55 14 56 54 50 91 
71 55 41 80 34 98 53 77 90 15 29 13 43 73 29 
82 34 53 55 23 38 49 43 67 10 98 78 75 17 72 
24 68 58 78 56 53 34 32 62 63 42 35 46 69 17 
73 53 14 77 79 85 35 36 32 98 32 86 61 90 96 
27 64 40 29 55 52 21 95 32 64 86 65 36 58 50 
22 87 96 26 27 49 29 21 37 36 51 96 96 18 48 
35 79 77 50 46 68 46 46 45 78 80 86 50 19 32 
32 45 68 14 11 66 57 46 26 38 21 36 60 31 90 
94 78 84 53 50 26 28 57 47 72 58 44 30 83 63 
40 52 96 13 86 93 17 13 40 32 63 44 91 82 41 
60 37 91 63 54 44 43 46 45 58 28 43 36 28 57 
34 67 78 86 59 27 59 71 87 98 42 60 41 35 15 
13 35 49 71 14 79 36 59 23 26 24 22 77 86 30 
73 86 34 19 69 90 84 35 93 18 61 51 54 80 51 
45 93 27 31 86 19 39 34 48 74 91 67 66 88 91 
34 33 28 97 71 64 74 14 56 35 73 90 53 98 34 
56 38 22 74 27 98 64 80 53 66 61 59 16 45 64 
59 91 91 59 43 48 47 59 97 58 96 83 16 93 27 
24 21 89 22 41 25 32 71 13 55 94 32 52 55 57 
41 63 11 40 23 17 39 46 43 45 25 71 62 87 56 
87 21 77 30 60 57 47 99 98 64 84 45 41 97 38 
26 65 70 68 55 21 76 96 36 54 88 90 70 25 51 
51 32 96 34 46 15 49 99 93 89 86 72 95 41 52 
89 27 90 69 16 15 12 96 53 88 69 13 98 92 33 
27 60 32 43 11 93 90 20 23 37 10 75 60 41 19 
90 83 93 87 93 30 87 75 28 42 74 57 82 44 61 
79 46 53 73 73 30 70 45 86 29 95 86 78 36 73 
27 30 43 41 58 20 21 68 30 87 72 11 22 99 48 
23 47 51 71 39 46 14 92 54 66 28 75 56 71 33 
64 67 93 53 91 90 23 85 37 95 61 16 56 73 37 
42 80 89 17 92 52 31 30 87 29 60 31 88 80 91 
67 64 42 50 95 96 58 25 53 50 80 91 76 53 49 
31 53 73 79 69 67 66 96 26 49 99 16 97 66 40 
83 38 64 42 72 73 92 88 98 50 37 11 20 46 11 
52 29 93 97 85 17 52 33 89 26 22 33 81 35 64 
67 65 84 56 96 14 96 50 45 71 43 25 20 17 93 
96 93 71 94 43 95 72 17 68 42 48 63 97 62 87 
94 66 66 50 42 89 85 25 85 73 76 93 58 54 55 
97 46 48 75 25 74 26 40 67 79 90 28 66 74 49 
27 53 75 33 99 12 38 23 33 34 79 46 41 47 22 
25 65 94 56 15 96 14 88 17 86 83 89 59 81 19 
32 21 63 87 30 48 15 13 65 89 83 23 12 28 75 
97 67 66 18 22 94 13 21 84 53 63 63 65 55 17 
87 77 21 92 70 40 61 34 76 16 75 33 13 45 97 
88 60 51 79 37 70 40 85 57 35 41 22 59 45 13 
90 67 55 29 48 34 72 18 24 66 75 92 68 43 48 
23 19 94 59 46 72 39 56 17 47 90 71 35 13 39 
20 21 97 57 52 19 95 47 11 63 14 64 99 90 30 
18 52 16 71 17 67 39 17 22 72 94 57 98 91 42 
17 29 13 50 51 58 94 43 35 56 96 85 61 77 82 
92 84 92 52 70 67 40 89 20 65 54 20 52 63 35 
17 74 34 95 56 80 69 65 26 91 89 91 17 35 96 
79 73 43 35 87 11 25 37 92 17 29 34 44 43 17 
71 94 68 79 11 24 48 34 23 14 17 80 53 15 29 
21 95 58 12 38 15 75 49 84 80 46 20 69 85 79 
26 55 82 20 72 53 50 79 73 94 98 85 74 44 72 
42 88 99 78 22 54 35 94 71 23 35 83 11 44 55 
68 28 43 25 55 38 73 61 21 25 58 51 98 81 43 
58 53 22 58 42 23 83 29 82 38 28 99 97 54 32 
39 50 28 18 37 27 54 41 21 46 30 34 28 99 86 
96 96 54 33 84 32 88 24 79 44 73 63 65 51 81 
42 50 86 56 19 56 54 64 22 99 32 26 35 35 47 
74 30 60 43 18 13 84 17 73 26 94 83 18 57 97 
87 37 66 31 91 99 14 87 59 39 46 14 45 47 39 
30 11 61 95 97 73 45 59 12 88 22 61 83 11 51 
21 35 12 89 41 52 75 62 12 38 63 66 35 92 89 
62 34 80 18 26 77 93 62 92 80 37 68 95 84 10 
60 36 78 76 48 39 59 16 96 56 73 78 23 20 81 
80 94 35 68 91 71 66 37 15 93 78 76 35 33 80 
26 32 78 56 33 45 56 48 54 62 14 70 12 31 71 
67 19 90 55 15 67 80 30 50 80 48 77 97 66 68 
49 12 63 32 86 80 58 13 93 63 31 82 79 79 32 
60 83 72 99 15 10 69 10 83 36 75 34 51 69 20 
46 17 31 11 31 32 62 17 33 71 70 86 59 75 64 
37 47 65 89 65 51 98 32 82 86 56 42 43 88 35 
80 18 27 56 73 80 36 59 41 92 47 25 46 18 25 
13 33 86 18 25 10 24 35 96 24 29 96 73 34 93 
74 63 98 67 63 31 60 49 46 45 65 10 24 49 17 
95 71 75 69 47 27 55 37 62 49 60 12 57 43 57 
69 88 97 32 47 91 33 31 54 55 19 11 61 43 81 
87 42 73 80 75 40 58 64 59 63 40 80 18 57 50 
60 34 71 45 31 15 83 63 80 90 37 26 83 16 32 
86 43 81 31 62 43 73 22 75 63 24 23 41 70 59 
25 80 68 80 60 53 80 18 10 31 71 11 30 58 64 
67 74 46 38 34 94 62 96 73 49 41 96 55 68 30 
43 80 81 12 64 37 62 54 39 89 35 91 93 48 30 
42 38 39 77 53 78 58 17 96 11 95 92 86 51 80 
93 87 12 82 34 29 74 51 27 44 21 81 33 68 96 
94 18 25 89 74 96 84 68 39 35 28 91 54 59 82 
65 33 71 32 94 77 97 33 52 88 70 47 70 47 21 
46 79 99 14 11 92 32 31 88 63 57 27 87 16 44 
11 41 77 96 96 78 70 75 26 48 74 69 98 85 53 
75 84 30 18 66 89 28 61 90 77 29 71 38 83 74 
39 61 55 64 49 54 79 30 77 50 98 38 61 95 95 
22 22 88 40 91 53 33 27 33 70 94 17 90 28 42 
56 65 74 84 36 94 31 55 84 92 36 22 32 24 96 
57 62 48 50 15 80 14 61 43 34 45 61 28 97 35 
36 13 69 49 86 16 85 25 13 81 58 93 53 17 43 
12 95 34 90 16 39 60 81 17 47 73 29 48 38 54 
55 58 56 19 13 48 71 29 94 98 95 59 42 21 46 
19 89 98 88 14 73 14 41 29 70 64 71 29 41 45 
24 88 75 87 24 25 70 85 31 67 63 40 91 11 47 
99 11 15 94 38 65 37 63 72 65 52 42 79 37 50 
60 52 97 73 80 50 62 67 66 64 85 89 30 59 25 
41 20 51 27 43 56 43 84 76 32 32 36 94 45 77 
40 10 34 52 56 39 93 72 26 85 65 64 28 24 86 
76 22 48 21 46 38 29 41 41 75 46 52 43 65 53 
25 54 20 49 44 22 19 75 32 29 75 78 59 15 72 
93 42 23 62 55 84 90 81 48 44 56 87 78 26 89 
14 30 60 79 23 16 35 21 10 33 49 87 88 83 11 
22 50 43 81 92 67 49 85 10 45 98 83 37 67 72 
12 67 18 71 26 72 69 34 15 78 16 18 48 15 87 
77 85 31 91 13 49 88 50 93 22 20 90 68 72 98 
33 36 26 63 70 85 23 67 54 71 46 80 96 64 85 
58 46 91 95 37 82 72 49 84 81 87 52 54 76 16 
68 58 12 42 42 73 81 71 32 46 25 88 92 47 29 
35 85 73 85 55 92 20 25 36 67 56 63 62 39 90 
28 69 88 12 40 24 33 17 26 25 93 90 60 65 42 
73 16 89 97 60 99 10 38 82 47 79 41 74 26 60 
14 58 79 68 43 68 81 10 21 50 48 47 74 37 88 
12 48 94 80 27 16 99 51 69 67 82 42 86 40 12 
76 62 83 21 21 33 87 18 64 13 38 73 46 88 80 
46 92 80 68 99 88 55 61 45 51 45 59 48 26 65 
54 72 72 23 71 46 96 95 13 38 51 78 23 34 47 
76 36 88 47 32 45 92 23 43 21 90 53 14 20 42 
81 99 27 55 93 35 31 10 53 28 49 87 45 82 97 
78 62 97 22 55 25 72 52 32 49 85 16 36 91 25 
20 54 13 41 24 20 98 74 89 70 37 34 63 77 77 
72 43 47 51 13 19 98 67 75 41 74 25 16 41 28 
16 54 89 16 30 36 30 13 53 93 28 31 37 31 45 
35 95 83 93 97 45 66 56 92 46 60 76 14 31 41 
75 48 19 30 74 61 53 94 52 98 16 50 34 81 68 
45 10 68 42 60 34 15 89 26 47 35 34 39 79 72 
83 82 86 60 30 33 44 87 46 54 91 44 55 62 26 
87 61 33 98 74 62 43 73 16 77 68 73 11 27 74 
19 46 96 98 52 98 69 92 91 45 55 49 84 61 88 
46 19 42 84 24 92 59 37 50 48 74 93 39 34 64 
96 36 64 56 18 15 98 32 54 18 28 31 49 82 16 
23 60 56 37 21 18 30 16 31 44 82 16 48 77 46 
91 38 22 32 87 75 13 11 46 91 30 70 85 30 60 
19 44 39 13 54 40 67 17 75 81 85 80 85 77 53 
53 77 98 18 92 83 97 91 79 97 79 42 29 70 31 
64 12 41 37 62 11 13 90 43 15 18 48 24 38 13 
84 55 94 73 68 26 24 10 31 62 11 68 80 92 67 
47 60 41 67 25 49 64 58 87 11 78 34 72 61 97 
95 15 21 95 82 98 45 27 77 47 33 91 89 11 11 
82 84 31 84 67 25 34 27 49 45 68 76 87 18 61 
83 43 35 14 54 13 43 95 56 60 48 39 85 52 57 
97 67 20 63 28 44 46 28 11 89 82 80 72 25 61 
60 21 38 84 64 83 99 22 33 24 78 16 32 87 50 
17 99 85 69 92 67 90 31 63 95 32 87 36 74 30 
30 82 50 68 30 26 65 22 98 16 77 66 63 25 73 
88 54 48 76 74 71 28 25 67 28 85 34 97 80 60 
89 12 53 41 88 30 74 84 85 98 43 54 43 76 86 
88 52 76 26 33 67 56 76 43 62 53 56 87 89 42 
31 61 25 15 30 95 97 80 77 56 59 34 62 62 95 
18 93 41 54 60 29 85 97 92 19 26 21 11 55 90 
31 41 79 38 32 37 50 51 37 63 44 43 45 38 45 
90 59 94 36 86 16 21 53 12 69 14 84 11 53 97 
70 85 71 88 45 31 29 56 46 40 95 90 70 57 57 
29 28 20 28 92 30 94 35 28 93 36 93 78 88 76 
79 72 37 95 76 73 20 81 76 66 40 70 88 91 24 
11 46 73 10 82 61 83 22 56 83 43 91 20 90 68 
26 85 61 67 88 10 93 64 95 28 74 74 84 95 80 
52 65 12 18 38 76 81 97 87 92 16 24 88 97 53 
12 94 65 20 63 18 99 48 51 90 66 19 22 79 45 
37 50 19 73 29 64 40 73 24 34 66 32 94 67 60 
55 71 46 42 92 13 96 78 48 73 41 45 12 57 16 
72 48 78 22 26 65 60 39 17 41 80 13 33 50 97 
41 99 99 45 63 62 60 85 14 29 43 52 29 60 43 
54 17 42 31 84 52 68 22 85 32 41 81 20 50 30 
59 60 62 30 47 79 40 13 23 59 27 11 61 34 30 
20 91 33 44 81 96 59 66 12 47 70 79 49 95 46 
97 22 27 79 28 60 97 18 44 63 34 11 32 99 34 
56 94 42 58 71 78 58 20 91 23 65 55 93 11 70 
79 44 28 77 55 20 11 13 59 21 25 61 89 92 76 
55 27 10 87 76 90 83 26 33 18 43 76 50 98 86 
49 20 19 47 73 55 42 46 92 83 57 32 26 94 43 
92 37 65 16 30 12 74 32 30 85 96 56 50 74 30 
25 24 91 46 38 10 53 21 14 53 33 80 11 59 88 
63 75 57 12 38 36 28 62 77 73 92 44 18 66 49 
69 13 48 60 27 55 95 34 42 27 37 12 40 56 74 
31 62 35 73 92 15 92 70 23 32 68 54 31 13 50 
95 81 85 41 99 11 51 69 63 59 18 54 41 96 70 
84 20 98 84 89 34 34 93 95 61 42 85 43 87 50 
39 85 20 55 76 54 80 87 74 22 79 86 93 77 31 
93 17 41 48 73 91 83 23 48 49 24 45 65 95 96 
67 11 76 34 78 99 65 30 98 88 53 69 86 21 46 
95 39 22 25 17 21 52 97 44 49 37 45 83 86 97 
61 97 81 37 86 55 78 20 58 98 35 59 55 39 77 
76 99 39 68 32 66 72 13 54 77 77 66 74 94 35 
14 23 76 82 98 45 41 32 85 78 23 61 62 59 60 
29 18 34 49 10 13 68 74 27 78 57 50 19 19 68 
97 47 43 24 47 24 62 23 32 80 43 51 97 58 97 
23 92 60 83 84 23 98 85 53 88 82 91 78 87 56 
64 70 36 53 95 62 84 66 29 67 62 70 43 97 28 
91 74 96 31 99 79 57 14 53 71 96 46 46 62 59 
21 49 82 90 75 19 43 12 37 58 38 59 76 19 92 
18 88 65 97 73 82 62 21 30 35 42 42 99 90 98 
65 59 75 64 29 88 43 37 30 46 88 80 71 98 96 
10 77 60 14 24 48 99 29 23 30 65 53 35 46 94 
73 22 28 50 83 94 65 96 38 49 91 48 85 83 37 
56 53 16 97 82 45 61 77 60 14 44 95 90 79 89 
16 57 68 55 14 71 96 62 66 36 41 22 92 97 91 
75 49 74 61 99 13 68 58 50 10 15 83 29 67 83 
97 75 83 12 72 20 54 80 65 21 39 80 95 64 28 
38 22 72 75 21 55 37 89 97 51 99 74 80 57 31 
97 15 44 41 55 99 38 53 52 22 90 66 74 18 30 
39 17 65 14 33 79 50 50 67 74 19 60 76 93 97 
63 90 11 19 38 33 30 99 42 20 73 40 31 29 68 
18 86 96 35 54 14 64 80 65 67 83 93 95 44 95 
18 64 35 82 33 47 63 29 18 80 53 14 50 93 86 
16 69 80 53 60 77 71 24 70 66 14 81 24 23 91 
11 25 96 91 78 76 48 43 18 67 91 73 95 41 81 
65 34 48 22 31 19 70 86 56 71 75 33 73 38 34 
53 64 86 78 50 92 93 40 86 23 61 51 93 87 23 
33 69 93 91 89 64 52 85 54 98 52 72 13 28 26 
91 68 29 96 11 46 10 43 62 11 51 10 45 45 86 
40 57 71 14 34 95 70 41 52 88 69 12 11 27 51 
17 38 66 95 68 38 64 74 42 37 92 68 15 98 19 
80 57 76 74 70 22 68 67 63 46 13 62 98 41 55 
60 47 73 77 36 23 87 87 53 89 20 49 62 71 14 
49 59 11 89 46 42 85 91 93 24 14 44 51 63 47 
78 37 98 61 13 80 55 18 71 35 52 67 62 35 22 
81 81 28 26 31 87 63 99 63 40 63 94 81 52 98 
80 75 26 35 11 84 40 52 29 54 79 47 24 98 14 
50 47 99 16 73 23 13 71 23 10 39 46 89 44 65 
23 82 75 90 16 20 69 65 77 28 11 97 63 31 20 
12 13 39 58 59 38 60 12 73 92 98 87 75 69 89 
92 22 59 61 94 11 10 49 14 18 82 55 79 98 12 
40 57 60 88 46 54 45 12 75 10 18 32 26 77 23 
39 11 89 78 12 99 34 69 29 21 66 91 21 52 38 
75 58 46 49 13 11 96 72 92 18 85 89 93 83 63 
75 99 14 52 14 11 22 49 81 71 29 47 66 81 86 
92 66 52 10 17 57 92 55 99 47 57 90 15 15 83 
72 40 23 68 60 49 24 72 28 27 36 25 50 26 40 
87 52 75 49 52 62 20 69 90 16 54 96 20 19 61 
67 85 84 72 84 93 25 94 91 17 32 26 24 95 47 
79 16 57 86 85 72 76 21 93 30 21 77 86 14 71 
68 16 63 52 82 32 12 76 49 61 26 72 45 67 78 
81 38 37 98 87 16 96 31 46 13 97 75 30 30 38 
74 38 73 15 48 39 64 39 54 71 54 19 87 95 22 
75 20 38 36 51 40 72 94 84 75 93 72 56 83 69 
62 27 84 48 48 90 83 64 96 64 47 68 67 17 64 
77 65 91 67 15 38 10 13 36 52 82 88 67 97 12 
98 92 25 31 70 65 60 90 14 88 12 39 55 51 78 
44 88 84 43 25 55 99 82 73 69 60 88 48 99 45 
99 64 93 70 96 18 80 71 51 95 89 60 29 70 48 
76 24 80 27 87 82 57 59 53 86 53 65 20 44 30 
34 98 83 50 33 78 11 94 66 36 19 34 16 52 11 
63 20 88 51 29 88 44 54 35 20 42 43 65 84 44 
51 69 91 14 91 53 53 41 28 24 32 80 68 54 24 
89 68 16 61 74 92 65 70 45 16 50 91 34 47 51 
58 71 33 42 94 22 24 10 83 55 27 53 95 95 87 
53 65 84 64 76 70 33 57 16 87 87 64 69 75 87 
53 34 86 28 85 29 77 26 77 44 25 65 27 24 39 
92 10 81 40 33 78 91 23 30 56 36 87 44 98 17 
32 30 67 97 91 98 90 16 45 39 25 19 38 90 48 
56 17 34 62 23 57 27 11 46 82 96 57 15 31 12 
83 54 34 53 90 77 85 91 16 97 20 63 75 96 47 
27 55 60 81 39 46 20 83 24 40 30 41 82 41 28 
93 75 62 94 85 88 59 98 20 97 51 48 85 38 23 
62 28 45 21 66 69 30 44 30 47 27 90 24 77 55 
73 30 45 83 57 96 83 45 63 61 83 25 79 29 50 
21 28 25 58 44 81 73 44 61 69 32 81 86 95 55 
94 64 89 16 60 61 24 93 80 92 18 40 99 65 35 
27 64 26 44 76 32 14 25 95 12 40 74 19 17 34 
91 11 95 91 18 36 69 80 22 62 31 36 77 14 63 
50 56 55 51 40 65 56 85 69 17 43 54 12 60 54 
33 54 51 24 73 73 40 82 78 44 19 35 61 96 46 
87 85 82 94 95 87 70 38 12 49 18 85 23 97 45 
61 39 93 52 13 40 88 87 47 83 94 82 63 43 79 
76 42 82 91 30 90 78 63 69 27 32 19 32 36 73 
80 75 23 58 64 46 98 85 48 69 30 75 80 77 28 
41 81 72 49 33 77 55 14 27 66 16 58 71 69 89 
88 22 30 62 85 63 54 94 75 26 98 55 73 28 39 
27 75 13 12 93 29 71 82 21 46 73 69 40 64 29 
43 27 69 49 58 34 99 44 11 55 60 66 64 45 98 
51 30 81 60 79 27 67 99 69 40 30 15 54 67 74 
27 31 15 91 27 60 11 61 92 87 84 71 16 66 74 
19 46 58 35 35 81 78 80 66 37 22 10 88 34 85 
88 40 48 52 75 97 61 96 62 73 20 39 51 70 30 
75 33 61 96 10 61 94 52 32 64 71 72 90 52 18 
69 22 54 76 92 64 81 43 46 50 16 87 43 58 71 
78 78 71 32 85 60 37 80 97 94 73 16 46 40 51 
30 68 88 74 42 17 39 48 22 32 99 74 49 53 23 
52 28 71 54 71 80 63 16 65 58 63 23 47 82 49 
49 67 97 26 95 68 17 98 93 26 66 16 70 89 72 
85 13 12 67 61 14 66 89 88 62 45 71 32 11 27 
41 53 53 91 41 73 12 19 16 59 52 49 12 12 81 
89 53 12 26 77 47 40 29 37 63 33 53 11 61 52 
29 61 28 31 40 95 64 69 48 67 75 46 98 95 91 
71 15 12 48 70 38 65 49 79 15 32 59 87 42 42 
79 11 24 21 73 13 74 15 24 12 84 98 95 65 90 
63 54 20 22 59 34 13 27 64 54 26 42 36 28 87 
57 65 48 31 36 77 23 23 41 11 57 31 10 96 47 
22 19 48 69 71 47 13 69 96 19 16 62 96 41 87 
79 64 28 55 33 19 73 71 81 85 46 26 87 29 71 
46 63 98 99 19 36 75 46 29 57 69 39 36 20 58 
74 81 21 52 22 29 77 33 26 68 89 35 22 19 45 
12 61 70 35 52 18 67 95 18 28 54 99 50 44 91 
37 22 60 94 59 24 82 43 84 77 33 45 61 86 61 
98 68 77 26 37 38 92 15 29 83 90 90 64 31 95 
17 19 78 33 90 93 77 82 98 52 49 82 29 84 82 
73 64 46 37 22 53 32 87 22 65 88 33 51 23 62 
39 49 71 61 57 17 58 79 64 45 37 55 42 62 56 
59 24 16 59 35 17 67 40 21 64 79 26 91 95 39 
34 19 59 34 46 29 77 53 20 39 47 25 38 53 91 
62 22 60 40 59 25 53 19 92 87 31 30 74 72 36 
62 45 90 49 71 16 62 23 80 42 17 40 97 86 99 
50 60 10 19 89 51 64 77 26 32 21 42 31 66 79 
17 57 49 68 84 69 89 48 56 30 24 65 79 39 31 
59 52 15 22 57 67 86 89 50 82 47 75 21 38 45 
18 51 55 91 60 74 42 84 88 49 64 60 46 21 50 
55 35 51 79 78 59 58 34 12 28 70 63 45 23 66 
27 55 23 86 79 61 30 28 96 66 87 90 25 69 65 
55 25 70 48 36 54 78 44 48 38 51 38 64 19 46 
42 63 57 59 89 86 54 89 21 10 55 81 30 93 88 
80 65 83 87 87 16 88 35 82 35 85 33 91 96 34 
50 85 59 48 54 73 81 18 51 43 76 60 20 16 81 
98 19 59 33 78 93 59 12 36 88 39 86 88 21 62 
73 16 32 49 25 25 26 91 35 65 28 97 26 84 14 
47 86 84 27 78 12 76 51 27 67 89 83 79 36 98 
99 40 83 72 82 64 85 52 29 83 34 28 73 27 70 
29 27 75 94 49 77 71 41 97 12 32 29 41 99 98 
38 40 66 89 17 15 32 64 82 20 72 61 44 60 95 
66 37 91 34 95 92 12 80 69 22 18 68 91 41 14 
83 76 38 96 60 78 16 67 18 30 14 67 99 80 36 
28 90 81 20 17 52 55 48 78 99 45 58 21 76 74 
93 98 74 91 62 53 44 46 16 69 39 46 61 61 78 
14 47 66 47 73 30 81 51 23 51 18 71 52 27 83 
50 18 59 25 71 16 87 97 22 69 49 43 83 61 96 
35 45 44 28 94 41 78 91 16 85 84 50 26 42 46 
90 21 76 23 46 13 98 75 88 25 93 85 15 13 99 
12 35 25 15 33 85 60 17 78 69 21 18 58 85 91 
77 10 29 55 63 55 90 76 78 95 19 71 51 66 33 
68 19 62 92 10 68 55 29 49 59 55 94 52 96 34 
41 78 38 93 18 39 58 15 56 31 82 58 23 74 15 
10 34 52 14 60 64 22 64 11 82 46 80 35 38 85 
27 13 52 46 67 85 99 72 63 20 86 80 42 10 26 
46 46 85 92 95 91 86 74 79 91 36 37 41 72 23 
35 87 58 42 12 16 76 49 66 51 69 82 33 83 18 
98 39 40 32 40 48 33 27 30 47 98 85 78 93 61 
12 88 62 87 93 88 22 36 42 80 19 17 64 27 64 
78 18 69 28 55 70 86 43 49 81 89 42 41 20 71 
54 80 34 79 83 73 89 79 60 26 68 27 60 73 20 
60 20 52 64 14 11 35 84 39 92 28 75 21 93 60 
54 35 31 31 90 15 72 82 57 49 20 45 50 20 50 
26 41 44 82 11 20 68 58 78 35 63 26 31 22 21 
99 82 38 89 30 67 63 73 48 42 89 74 23 29 60 
69 40 78 24 96 87 38 84 54 79 47 68 56 46 80 
26 42 38 85 81 81 86 87 49 82 55 57 35 62 36 
93 95 75 80 63 39 23 17 24 94 79 20 69 98 37 
48 68 67 82 17 68 44 47 37 65 86 13 90 59 32 
16 51 22 31 13 19 71 39 57 83 96 45 86 31 65 
26 79 32 32 66 75 27 55 36 57 91 94 76 20 70 
70 37 31 81 62 42 77 61 87 66 76 73 12 97 41 
32 75 18 59 32 78 96 60 18 35 89 14 10 61 98 
93 64 44 15 97 81 90 75 21 70 43 54 11 51 94 
98 75 44 28 27 83 67 16 45 13 11 60 28 87 82 
82 12 89 55 23 92 70 77 33 24 13 87 44 71 78 
70 49 46 81 77 90 73 82 96 57 80 83 33 70 91 
44 52 20 50 54 91 19 34 45 80 21 61 34 99 73 
51 93 36 92 88 43 13 45 33 80 39 82 53 20 36 
98 53 45 45 61 29 95 54 58 47 78 21 66 29 40 
92 57 72 14 87 11 43 81 71 85 86 74 31 42 77 
59 70 93 98 75 73 94 97 27 40 70 34 10 88 98 
14 63 56 22 83 13 82 18 85 37 66 87 32 35 50 
47 84 17 40 19 86 79 20 52 99 90 54 88 23 58 
84 70 29 64 37 73 48 96 35 61 26 87 63 23 31 
97 17 43 30 84 48 75 44 35 17 64 21 97 49 18 
89 60 26 14 37 81 95 24 74 23 99 28 64 13 15 
24 54 19 81 96 91 38 49 36 76 25 74 85 91 21 
63 78 52 83 28 97 75 45 49 18 39 36 28 57 64 
23 99 90 64 96 73 44 43 31 60 19 40 94 19 47 
11 24 43 32 18 61 46 29 18 63 60 67 34 30 68 
69 33 16 43 57 16 51 63 51 29 18 19 12 92 52 
34 28 34 46 87 12 93 36 75 62 25 41 14 39 75 
18 82 67 76 41 48 68 69 19 92 43 99 20 40 55 
48 83 53 83 37 60 19 51 75 92 57 80 78 22 66 
22 64 52 79 25 37 99 54 77 95 61 68 40 22 46 
76 57 73 69 54 23 18 38 23 67 43 51 36 34 27 
35 82 64 23 29 89 74 22 99 80 36 53 68 64 50 
42 18 39 50 39 90 88 35 22 23 13 93 92 14 82 
44 74 19 28 25 79 72 59 41 10 68 99 68 16 81 
12 10 81 22 36 25 62 51 32 34 75 84 17 16 51 
25 21 36 53 69 58 13 61 18 86 23 56 11 36 40 
54 73 49 57 87 86 10 50 99 69 81 70 24 76 30 
91 57 43 24 64 82 86 36 77 71 79 79 46 99 91 
94 74 67 22 33 52 12 56 50 45 28 46 34 14 95 
56 72 70 23 78 50 73 93 21 60 29 53 70 37 28 
64 89 58 45 35 16 49 14 64 39 84 80 30 73 38 
17 14 42 16 66 14 96 81 78 29 93 70 99 53 51 
33 88 71 86 61 21 28 96 74 21 50 64 77 19 66 
42 72 38 31 48 18 74 93 38 10 74 88 28 34 72 
97 73 33 46 55 55 13 80 97 79 85 92 56 48 55 
87 88 69 32 95 49 32 90 55 96 11 72 97 12 19 
51 51 28 88 15 27 96 27 89 94 58 34 56 21 50 
81 97 58 23 69 71 17 42 46 94 41 80 34 27 45 
37 98 77 28 61 50 70 54 26 45 26 81 13 36 56 
83 35 19 23 54 34 14 68 28 33 98 81 78 11 18 
47 13 24 45 96 81 80 36 57 78 35 19 72 33 42 
88 23 27 69 82 70 58 23 51 19 91 32 67 65 30 
97 58 22 31 18 51 48 88 99 29 90 20 28 29 40 
16 50 26 29 31 35 60 89 53 22 97 53 25 66 47 
63 20 80 31 92 23 65 51 57 20 72 70 15 12 28 
30 88 25 39 72 44 68 28 91 63 41 84 19 71 75 
43 66 24 78 47 57 37 29 69 26 29 18 18 21 78 
88 85 50 59 90 27 78 51 21 40 64 45 70 52 82 
34 95 37 60 88 77 55 78 40 83 50 34 97 64 77 
21 10 39 88 68 53 15 40 66 48 55 29 33 26 28 
44 42 52 22 67 63 70 55 26 74 84 40 57 71 26 
82 78 82 64 32 77 53 93 99 50 97 53 45 91 85 
27 32 41 98 40 41 44 56 83 59 17 85 80 69 82 
11 16 22 43 42 19 16 69 23 65 62 78 15 51 24 
89 27 92 87 10 38 31 46 50 29 46 58 38 58 34 
69 16 65 31 38 76 13 39 37 50 22 90 74 70 42 
76 64 65 41 15 91 88 66 38 30 46 95 97 63 16 
70 26 81 75 87 97 73 34 96 88 93 72 20 12 33 
95 94 29 64 36 73 35 95 19 99 20 71 64 91 82 
78 56 43 49 77 39 64 69 29 13 28 13 65 70 48 
56 38 17 52 64 25 99 74 74 68 52 42 22 13 24 
15 84 34 23 78 12 96 78 87 19 95 62 38 25 51 
14 75 83 11 96 96 46 59 62 93 31 28 60 12 60 
39 32 85 71 61 38 16 31 15 95 57 50 95 60 58 
86 64 48 89 81 77 25 72 74 40 25 48 34 66 24 
92 33 93 68 73 45 40 10 32 35 86 82 88 77 34 
92 34 18 63 43 47 62 13 16 27 70 99 78 90 93 
38 92 72 22 36 57 59 40 56 59 34 54 81 69 90 
54 11 59 57 49 65 27 54 42 11 34 21 29 56 39 
44 30 69 53 63 75 45 44 90 39 25 65 36 82 91 
74 66 75 97 77 41 32 78 44 43 34 55 62 49 61 
13 34 63 39 43 44 67 30 14 30 38 88 26 16 46 
92 13 41 43 95 88 18 62 96 83 66 47 19 85 90 
43 55 50 57 48 49 82 51 22 37 85 57 42 71 85 
43 69 64 57 91 87 75 96 23 78 11 48 41 35 77 
19 72 54 50 71 81 28 55 88 88 84 82 93 49 41 
58 95 30 19 83 94 77 33 51 73 58 53 42 46 93 
77 91 93 48 26 90 57 56 14 29 69 74 22 55 80 
48 66 99 91 99 17 87 70 68 35 71 10 32 90 61 
53 48 94 64 68 49 89 25 99 37 53 60 73 15 36 
59 17 65 97 98 75 10 12 49 32 37 23 43 42 38 
13 13 18 13 33 96 38 65 35 41 90 65 98 94 22 
12 25 68 23 52 56 91 96 70 28 47 58 61 82 25 
42 30 39 12 33 22 14 99 90 32 45 69 71 81 16 
85 81 59 23 16 74 63 17 33 20 45 32 17 98 77 
37 18 63 31 15 74 59 86 99 55 18 48 80 95 19 
48 23 87 12 87 29 22 58 99 94 14 25 93 81 99 
14 23 17 85 27 32 88 67 74 84 62 47 73 53 89 
67 69 23 38 11 69 29 79 78 72 47 90 21 50 98 
31 54 88 70 18 96 86 59 10 10 29 29 97 75 13 
27 30 83 68 71 14 61 47 65 75 57 26 95 14 39 
37 28 26 40 52 20 46 96 22 33 98 50 26 18 17 
51 27 22 82 64 85 40 24 98 65 27 34 74 88 39 
10 99 69 38 92 68 73 78 64 36 24 67 36 34 47 
50 91 90 92 98 96 98 82 32 94 79 54 79 29 46 
73 51 43 41 89 93 66 64 86 91 88 36 23 95 79 
38 67 88 68 74 13 59 96 28 55 14 58 30 26 46 
49 74 71 48 49 80 34 71 93 42 58 56 46 61 26 
70 54 24 91 71 84 58 81 87 30 62 42 51 70 40 
76 97 34 89 62 81 40 68 18 23 18 62 62 68 36 
15 35 71 20 17 75 14 71 81 26 40 90 93 45 60 
64 36 93 20 53 73 86 19 89 55 49 10 87 81 69 
74 21 87 90 86 91 31 95 66 70 79 63 41 47 58 
30 22 24 44 80 91 71 51 54 88 45 34 92 55 69 
22 95 42 76 47 20 15 95 87 51 71 45 77 58 15 
67 70 72 74 70 47 22 44 11 43 25 46 12 69 37 
24 40 58 57 89 40 94 25 71 55 26 26 37 28 60 
31 67 46 15 56 65 20 30 96 37 71 33 76 71 23 
34 48 19 59 35 38 32 47 14 27 93 57 46 24 41 
44 71 15 63 70 57 89 22 65 39 29 57 26 98 29 
74 87 62 91 76 43 32 26 95 66 37 73 37 80 20 
74 62 81 86 15 67 58 67 62 26 59 28 75 53 61 
60 37 65 77 66 34 51 58 71 27 72 19 98 24 36 
97 81 56 51 69 60 95 20 72 68 53 10 56 65 90 
28 26 67 47 81 18 80 16 14 53 83 85 69 92 51 
97 56 40 83 89 98 37 58 83 89 57 85 87 46 96 
23 62 33 83 18 24 35 37 46 26 43 88 15 22 96 
32 34 55 36 91 16 29 17 40 18 60 85 44 35 98 
72 55 15 96 99 99 10 77 15 80 68 19 60 23 79 
93 98 18 45 15 74 22 30 47 66 12 34 17 75 84 
42 15 50 35 86 66 58 35 26 29 10 87 92 74 89 
13 21 46 51 77 16 19 30 78 49 37 80 55 70 25 
76 23 61 61 49 27 73 98 48 98 69 85 50 90 89 
46 92 10 37 25 45 98 29 85 88 55 45 34 70 46 
28 27 64 25 97 41 40 94 64 63 50 64 68 98 16 
22 79 52 19 16 66 60 50 64 73 65 93 74 16 78 
73 33 41 60 29 56 18 76 20 49 51 70 35 91 27 
22 87 30 44 99 14 53 91 57 93 71 17 99 35 10 
50 26 50 47 97 25 15 47 86 84 40 85 30 32 90 
48 72 67 42 56 93 96 94 36 81 16 82 59 69 97 
43 23 30 34 13 62 54 14 45 75 66 41 35 79 60 
73 83 80 59 30 10 21 24 94 53 53 25 75 31 37 
52 63 81 58 96 14 34 59 98 88 72 69 62 17 86 
56 90 61 74 44 19 18 63 69 49 80 99 57 79 81 
46 41 44 11 24 67 47 81 94 87 58 34 98 27 67 
98 21 73 13 30 61 14 88 88 84 78 46 60 27 53 
32 88 10 17 44 78 22 99 38 22 86 30 52 66 25 
31 22 46 39 74 20 79 18 60 15 99 27 81 50 54 
71 48 53 72 53 99 16 68 53 10 37 95 48 51 82 
98 18 77 34 36 33 43 94 48 77 18 78 40 67 95 
86 24 27 83 97 67 87 12 80 80 75 50 14 79 95 
27 37 55 31 66 33 87 20 28 11 65 54 22 19 31 
77 63 24 76 48 34 30 76 85 17 19 45 84 35 11 
64 12 89 25 54 42 42 29 63 44 69 23 43 73 80 
70 41 82 82 84 10 90 24 50 78 11 31 33 54 41 
65 95 89 68 46 35 65 63 38 44 34 55 57 92 86 
95 48 55 66 38 30 32 42 55 59 68 71 92 20 39 
62 94 16 97 61 78 69 50 25 90 35 13 29 13 17 
84 39 49 68 67 14 52 59 41 91 60 69 63 87 97 
26 21 58 12 31 95 11 44 40 64 70 47 48 56 82 
72 50 53 51 59 47 56 57 31 84 18 33 91 46 34 
72 95 51 58 82 27 24 41 45 73 81 56 10 39 91 
16 10 84 59 45 51 11 57 95 48 98 94 92 18 27 
77 46 70 96 84 43 41 17 40 59 84 41 72 18 23 
83 85 48 34 82 59 73 12 98 33 29 63 99 91 95 
89 16 64 42 59 86 82 21 22 62 51 36 17 64 64 
96 31 50 33 41 97 15 10 18 36 44 12 19 32 91 
65 71 57 84 75 22 62 67 12 96 73 48 15 46 22 
49 32 39 73 77 90 83 32 55 62 44 30 58 70 87 
40 35 41 71 16 40 57 35 66 96 51 47 93 34 59 
67 16 76 65 85 52 67 49 38 39 45 68 89 97 42 
25 82 34 40 22 75 97 40 93 70 29 63 47 36 69 
18 82 17 10 59 13 50 68 81 58 11 30 63 88 55 
58 85 78 83 28 81 74 38 46 25 82 11 34 92 17 
76 92 21 46 45 91 29 90 30 62 56 32 99 60 13 
14 93 75 21 60 25 57 21 38 22 45 65 77 54 68 
97 18 62 55 70 81 31 18 36 14 91 17 16 48 76 
75 80 39 19 23 75 32 60 61 73 55 91 75 51 93 
71 11 13 88 72 69 52 23 93 93 37 47 69 41 98 
57 44 82 52 37 20 12 72 50 72 92 90 43 26 30 
42 43 88 78 83 51 77 14 62 32 90 72 52 50 28 
58 94 31 99 72 97 99 42 14 88 82 20 93 24 80 
11 62 93 27 21 72 34 77 41 57 35 50 41 98 51 
69 31 49 19 40 19 68 56 11 70 97 60 28 70 29 
37 41 52 65 68 18 13 54 48 39 34 93 67 61 12 
82 49 41 52 25 44 73 11 43 14 24 80 48 54 75 
74 96 54 68 90 71 54 93 69 23 21 82 63 24 75 
25 23 74 11 84 26 52 40 32 41 99 42 95 34 48 
22 35 98 23 76 40 96 10 75 31 93 74 82 67 47 
99 82 29 15 19 93 51 30 91 93 19 16 24 50 88 
42 73 90 56 81 44 43 32 86 95 28 43 40 29 87 
85 47 85 98 33 87 16 80 81 20 64 36 33 47 26 
14 86 23 45 38 83 18 82 37 19 23 61 98 27 25 
98 23 57 26 52 64 68 47 67 22 17 83 79 11 37 
71 23 24 31 29 80 84 21 37 98 62 21 99 26 70 
10 89 56 80 52 33 77 17 96 27 31 99 72 21 85 
40 49 11 78 20 48 95 52 75 39 14 88 29 65 50 
80 55 48 68 63 15 20 79 76 37 56 50 81 17 14 
10 54 18 91 20 92 14 87 41 64 64 92 83 85 11 
19 22 11 44 60 31 65 32 58 30 29 97 69 50 53 
77 25 18 26 43 28 83 32 10 46 97 67 89 68 18 
93 60 51 59 23 16 31 74 80 87 24 37 70 51 91 
22 48 64 42 83 77 31 60 79 26 30 39 77 44 98 
69 20 20 99 97 98 11 46 69 95 75 54 13 43 41 
79 40 54 45 81 81 90 48 64 78 30 76 15 98 47 
53 43 54 20 43 44 65 85 76 35 49 54 62 24 69 
18 50 78 21 99 62 46 90 38 96 86 31 44 86 10 
77 87 98 22 75 40 37 89 40 56 68 82 43 20 39 
19 48 59 65 83 94 24 17 12 99 79 67 58 48 25 
72 54 54 34 29 27 45 29 29 53 51 79 64 90 82 
74 96 50 10 25 73 58 99 55 59 54 82 55 31 70 
73 86 97 24 45 73 15 49 78 75 42 33 66 57 55 
70 43 82 65 52 37 16 67 91 17 37 79 32 65 28 
76 18 46 47 23 86 63 46 88 58 90 77 68 88 36 
82 30 90 11 69 75 54 62 60 11 81 78 61 23 29 
14 45 65 24 30 86 13 80 94 41 56 15 64 45 99 
71 28 18 76 74 79 74 13 41 57 60 94 88 73 38 
44 90 20 77 15 93 37 12 78 60 21 78 73 79 75 
26 56 70 87 58 72 86 80 12 36 68 93 60 67 36 
65 58 90 39 26 55 58 29 90 46 46 73 13 44 90 
92 42 75 83 62 31 87 60 78 51 88 73 46 73 87 
92 97 17 10 74 26 88 11 52 85 51 13 10 65 33 
10 35 75 59 27 70 90 90 64 77 69 54 55 48 50 
45 19 80 61 73 52 10 76 76 36 98 14 78 32 99 
98 72 88 15 31 75 79 16 29 33 12 22 98 14 68 
65 16 37 35 72 12 59 59 77 86 54 11 93 90 32 
17 75 60 60 87 53 25 90 78 51 37 11 74 45 73 
91 61 19 58 10 15 99 36 59 88 34 38 13 85 77 
33 20 60 19 82 59 72 11 36 70 61 39 56 14 27 
81 68 33 99 88 23 90 16 47 90 87 86 66 44 96 
88 24 92 97 97 77 29 94 79 86 16 52 28 28 36 
15 20 41 61 59 61 91 95 21 68 58 46 48 54 58 
53 71 23 31 54 42 94 74 66 26 24 83 62 49 91 
36 98 16 10 63 39 49 97 56 50 60 83 71 22 92 
90 37 69 55 84 58 44 93 78 24 18 61 95 33 23 
41 51 24 41 97 23 53 40 86 92 66 43 59 88 16 
28 39 64 22 51 99 64 10 89 82 97 74 26 16 25 
98 50 71 31 48 11 82 71 18 90 42 19 92 66 29 
72 43 22 45 86 56 95 78 33 54 20 50 87 58 66 
19 79 90 98 19 41 87 15 72 89 48 99 36 75 33 
37 74 23 63 39 84 94 42 42 44 18 21 44 19 86 
61 45 92 78 98 55 96 77 33 45 90 49 43 16 69 
73 59 61 73 69 10 55 75 64 85 37 90 35 53 82 
73 93 95 33 39 14 32 62 11 64 31 92 69 16 58 
26 30 74 95 57 76 96 48 22 77 44 64 11 10 44 
48 19 93 45 50 80 97 58 13 99 56 72 54 40 20 
65 88 97 60 11 93 80 15 49 70 35 43 21 22 58 
38 49 12 63 24 53 21 36 51 26 74 24 27 41 91 
60 85 75 80 46 63 46 29 52 30 14 48 51 50 80 
99 86 65 94 51 48 85 30 60 82 75 46 14 38 50 
86 97 55 67 73 87 38 36 80 20 85 94 26 28 66 
31 79 21 70 12 14 54 51 10 27 99 39 56 81 69 
44 68 46 59 66 65 33 48 72 82 44 43 91 80 12 
99 97 22 21 46 35 84 47 73 54 52 91 84 61 52 
20 86 81 26 98 50 67 91 30 96 81 10 43 51 67 
59 45 64 12 32 79 42 44 72 96 87 49 67 62 62 
15 90 28 42 72 27 73 33 81 50 47 21 42 22 63 
17 68 39 16 72 82 76 63 27 17 10 78 60 47 57 
35 21 17 82 18 77 62 51 44 32 56 68 87 29 88 
72 13 67 89 19 82 41 65 42 92 12 45 71 78 74 
89 19 42 14 96 21 54 79 64 36 82 28 21 12 92 
83 34 38 53 97 57 29 79 79 69 88 40 26 25 30 
12 19 16 22 66 26 82 98 28 21 80 10 20 58 82 
62 78 52 81 81 27 93 97 32 99 56 28 17 45 18 
82 68 92 14 28 91 82 76 21 55 51 36 78 85 84 
71 52 93 30 84 77 24 42 51 93 70 94 60 55 57 
14 34 23 22 98 90 43 61 78 86 84 37 24 14 35 
45 66 37 30 26 32 44 12 97 74 98 22 34 14 58 
82 59 29 74 80 62 21 98 61 38 67 63 59 12 97 
12 15 67 71 78 29 41 33 93 58 59 60 15 46 28 
24 43 67 82 89 41 73 91 14 78 83 84 55 45 30 
29 43 96 80 21 63 79 43 84 11 80 64 32 19 23 
87 91 35 36 28 21 84 59 81 41 28 77 55 34 45 
49 52 78 77 18 52 19 66 92 58 82 19 54 26 66 
59 16 79 12 32 15 64 94 77 58 17 56 53 19 24 
26 40 35 89 37 53 72 20 29 59 28 20 41 24 30 
93 90 57 88 52 35 41 10 25 95 92 85 52 42 80 
87 24 10 76 75 42 60 67 78 77 55 13 75 13 49 
91 88 46 70 88 75 53 11 10 69 26 96 50 11 70 
57 96 26 36 17 67 84 53 40 48 53 38 83 71 45 
24 30 91 11 52 73 71 38 52 87 16 52 25 52 75 
47 39 14 81 58 15 43 12 72 16 76 50 76 67 26 
98 88 73 31 18 31 88 72 85 31 89 36 55 34 39 
67 96 16 23 47 42 90 87 47 36 45 82 28 40 16 
25 57 76 17 10 67 40 79 91 66 92 19 23 17 75 
51 67 50 55 60 16 75 93 35 89 75 49 33 79 52 
91 56 58 45 46 87 48 62 95 81 79 62 93 47 44 
80 42 15 67 68 59 11 11 64 45 73 43 73 86 32 
56 16 96 80 76 49 74 76 43 21 60 59 82 13 58 
92 40 38 45 37 89 10 27 92 22 29 81 67 49 54 
21 18 10 73 99 62 30 57 77 52 34 93 61 41 18 
62 59 67 49 66 14 29 48 57 14 18 21 91 76 10 
93 70 16 67 21 46 40 95 20 12 90 38 46 38 39 
19 50 99 78 31 42 14 59 92 12 39 70 58 36 53 
54 13 63 43 84 30 89 75 45 81 18 12 30 40 32 
90 84 44 33 83 90 77 38 80 35 86 56 74 30 69 
56 79 98 18 95 89 97 78 75 21 82 35 77 35 32 
10 10 71 49 41 24 48 88 41 94 20 74 11 80 72 
59 36 40 18 99 13 90 21 98 67 29 41 92 19 29 
21 23 14 44 47 98 93 51 83 59 81 80 46 98 44 
28 98 41 47 83 35 85 47 95 72 67 57 49 16 95 
86 90 86 72 12 73 49 34 51 99 69 35 39 98 96 
60 43 44 83 43 29 20 92 30 81 36 25 48 91 26 
77 44 70 15 74 69 68 70 64 20 45 93 61 35 48 
16 70 10 20 71 65 43 94 31 56 66 47 34 37 41 
85 27 57 95 65 65 58 37 54 83 53 18 78 23 45 
55 87 22 89 92 62 24 11 48 22 52 21 95 67 87 
50 33 84 96 54 52 66 57 60 92 88 83 56 47 24 
27 22 33 18 64 40 87 30 97 89 24 19 69 46 80 
95 73 88 50 12 42 38 88 99 16 51 25 23 93 33 
54 45 70 50 66 83 18 10 56 20 96 34 46 18 86 
23 91 56 60 87 97 77 67 65 55 20 55 65 22 46 
26 28 21 94 14 57 56 43 94 77 44 31 45 91 62 
52 23 94 27 60 80 35 39 51 37 90 29 76 45 82 
94 36 69 25 24 29 75 99 42 34 53 23 98 32 43 
98 68 88 28 71 73 41 97 84 96 34 28 93 90 45 
74 24 16 10 20 60 82 45 92 16 63 69 41 74 61 
32 21 64 50 94 23 28 45 92 92 77 47 30 18 22 
39 52 19 70 40 63 36 65 21 25 77 76 58 94 13 
11 52 45 95 99 99 79 46 62 12 38 30 96 71 67 
90 28 14 64 67 54 64 45 25 35 18 70 57 23 80 
46 48 44 89 23 16 38 82 86 51 89 90 85 82 20 
42 23 59 46 89 19 35 27 26 29 37 43 48 75 91 
58 57 81 60 26 73 92 60 35 74 60 37 21 40 54 
55 79 47 51 72 57 28 67 66 23 53 95 45 41 34 
41 48 77 34 25 32 71 26 99 48 53 70 71 50 64 
38 50 80 81 50 17 15 70 28 47 19 86 31 71 82 
50 45 40 65 25 57 65 37 61 71 88 18 95 95 60 
15 35 65 45 27 74 24 81 40 96 41 28 13 82 31 
51 40 46 99 35 97 92 16 92 24 55 33 69 29 15 
83 52 80 31 88 59 51 76 15 66 21 52 94 21 72 
10 34 93 45 11 76 70 62 90 95 44 13 20 58 33 
35 98 85 46 57 44 81 15 42 42 63 62 26 62 70 
85 33 97 74 65 44 14 76 77 26 73 34 36 41 39 
55 66 89 66 28 51 95 20 89 76 14 91 88 16 16 
77 94 84 86 86 41 57 33 55 36 87 44 49 81 50 
46 86 67 77 95 10 65 55 65 55 62 16 52 31 49 
55 14 49 54 60 17 38 85 75 93 98 22 45 95 43 
68 81 27 75 28 76 95 75 73 12 90 32 43 40 10 
97 40 23 10 73 84 81 64 13 63 95 11 94 84 29 
63 68 34 91 21 94 22 25 84 84 92 55 51 15 32 
35 53 90 64 32 46 64 62 64 33 12 26 76 68 75 
72 87 98 38 25 13 79 51 19 28 45 86 42 26 45 
75 80 77 81 48 99 65 91 20 55 79 30 77 72 65 
77 13 93 47 27 38 54 43 34 35 89 57 89 54 36 
97 50 33 56 73 91 56 72 93 93 22 37 61 63 18 
26 56 19 46 26 12 22 79 68 56 54 91 86 72 85 
55 90 39 10 38 94 16 78 98 41 71 60 89 19 31 
40 79 73 74 14 14 98 59 75 80 48 13 85 24 91 
78 50 39 48 46 59 48 64 25 65 20 20 18 57 88 
98 50 45 64 77 35 88 79 58 62 53 27 25 57 68 
24 42 43 76 44 28 16 30 39 34 30 36 91 80 55 
75 40 19 37 47 47 42 44 96 53 62 94 47 89 63 
81 91 94 22 52 48 44 99 98 68 31 72 67 49 35 
21 46 34 21 13 36 13 49 78 85 57 94 86 80 66 
64 21 32 14 15 20 26 27 64 91 54 31 13 35 20 
92 58 12 58 70 78 80 48 75 61 88 55 25 77 66 
39 97 49 71 15 95 72 70 93 50 95 67 89 42 57 
60 55 48 37 60 11 82 73 53 78 65 68 60 22 42 
54 76 87 53 49 28 95 14 97 27 55 90 19 79 53 
16 99 49 69 59 50 80 16 56 82 64 87 95 80 69 
16 40 52 26 85 11 56 58 86 64 25 38 43 82 74 
80 14 40 74 88 98 23 43 16 88 96 17 76 37 70 
70 45 18 62 15 26 16 38 68 59 59 96 69 78 39 
72 10 56 90 77 50 66 88 14 95 78 40 15 56 10 
93 69 58 90 38 91 22 37 89 31 96 69 11 95 20 
19 84 97 77 99 95 32 93 16 23 66 44 52 28 46 
76 27 11 46 36 23 90 92 94 79 50 59 96 89 71 
28 24 20 99 38 22 75 44 10 36 94 64 98 80 32 
83 46 86 95 39 16 56 19 37 94 79 67 30 37 14 
40 64 33 16 71 96 75 53 41 59 13 38 99 38 91 
47 74 10 81 12 11 12 11 95 60 73 51 56 78 70 
54 78 74 25 95 79 58 38 69 22 59 12 54 42 71 
36 15 63 51 12 76 81 57 21 63 18 21 11 52 43 
87 21 92 21 14 25 48 73 35 39 84 77 26 34 13 
65 16 18 28 40 71 76 71 50 70 68 13 55 48 28 
16 64 63 58 18 89 73 39 54 77 44 73 26 50 26 
22 97 79 15 84 87 13 87 77 90 34 26 37 83 70 
22 70 53 26 84 20 39 14 24 37 26 64 67 21 74 
62 31 94 50 25 49 52 22 46 40 62 37 54 26 22 
96 66 74 82 22 91 43 41 26 28 21 22 97 59 42 
68 60 13 58 23 91 20 58 19 92 12 19 47 92 82 
24 92 32 76 67 30 86 27 89 11 90 93 45 75 90 
32 51 82 79 44 74 32 32 61 46 14 77 46 58 58 
84 43 77 65 16 73 40 26 46 50 60 57 99 38 22 
28 84 51 63 67 31 21 44 34 48 92 14 98 42 83 
58 62 19 17 44 15 67 79 59 77 32 63 51 73 70 
59 75 73 16 84 54 15 85 18 64 40 73 70 68 74 
95 80 82 73 24 65 46 27 44 61 79 78 79 48 94 
18 75 80 13 42 74 60 39 17 65 64 57 93 18 63 
68 40 53 16 30 47 87 95 13 20 34 86 73 59 67 
28 32 12 88 64 11 59 42 57 42 19 73 31 65 87 
98 36 30 50 57 49 82 76 37 16 26 21 51 92 95 
93 99 31 96 40 66 63 80 60 34 32 85 83 74 61 
97 57 67 68 37 48 41 51 83 12 14 32 41 97 24 
47 47 94 39 22 62 25 14 72 98 69 19 42 52 77 
12 52 70 77 78 71 12 91 84 54 57 30 97 25 77 
25 64 75 79 43 26 55 44 83 77 92 63 41 35 76 
88 36 75 14 21 84 37 29 25 29 55 78 25 90 23 
98 93 89 47 45 95 36 46 73 76 41 67 46 71 17 
91 46 75 11 48 94 92 76 61 20 78 33 94 61 66 
65 58 73 54 54 16 19 31 92 27 99 49 63 78 70 
16 92 77 38 61 37 23 41 76 12 35 79 14 26 33 
93 66 91 56 88 13 99 93 50 86 57 20 75 57 30 
80 78 24 11 34 82 86 72 11 50 11 90 80 13 36 
41 34 24 70 44 78 58 84 50 76 18 10 87 33 13 
68 82 51 97 51 58 65 42 54 83 76 32 42 21 16 
13 90 51 24 29 94 40 68 46 67 70 62 24 21 70 
86 39 43 45 74 68 68 56 51 80 72 87 17 85 28 
47 84 96 89 59 52 41 74 88 80 70 49 41 12 41 
87 12 51 66 25 59 33 76 60 16 26 36 12 16 40 
74 42 21 29 94 56 19 19 19 18 83 78 16 74 57 
20 83 66 58 78 66 92 34 94 80 67 36 17 36 22 
38 66 77 94 57 64 41 46 82 49 49 52 20 31 18 
91 15 48 45 40 42 71 73 44 13 47 39 57 29 69 
90 35 85 16 59 20 22 99 74 49 25 87 89 61 50 
46 12 82 65 31 77 32 32 25 47 90 17 81 19 30 
87 84 90 76 97 27 70 25 86 13 30 63 19 54 27 
94 27 36 87 29 16 87 95 68 16 68 84 41 53 15 
70 90 39 15 67 64 38 35 83 10 41 90 35 34 47 
84 44 15 73 46 52 71 21 18 44 29 36 80 27 77 
61 89 94 26 91 15 15 63 94 43 55 85 87 55 48 
49 61 31 30 87 50 14 97 55 93 93 28 98 79 82 
45 85 29 80 12 51 83 40 65 58 58 33 19 63 77 
68 82 30 16 87 50 64 80 23 64 90 55 70 19 78 
74 21 39 84 44 33 92 81 35 99 29 32 66 54 71 
79 65 19 71 81 25 36 46 50 92 77 57 64 83 29 
63 39 14 60 12 73 42 51 14 48 74 30 23 11 66 
91 53 60 39 41 77 74 40 45 24 51 77 71 43 39 
68 83 99 92 97 85 92 47 84 89 50 58 63 32 70 
97 26 13 87 37 51 61 41 92 48 94 82 70 88 41 
55 34 81 19 41 96 32 64 97 90 59 75 51 45 69 
41 45 59 23 14 78 69 13 14 41 97 35 65 28 87 
93 38 27 77 43 61 31 20 20 53 88 24 81 12 79 
85 78 47 60 42 18 99 52 76 74 61 65 58 58 68 
69 41 65 78 83 24 18 45 89 14 61 91 78 48 54 
65 92 67 38 90 16 10 34 89 83 74 18 21 67 68 
92 65 16 46 48 21 52 23 94 17 30 72 76 94 84 
76 22 71 99 79 67 58 79 10 78 82 32 60 60 40 
86 48 45 99 24 24 18 66 80 24 44 13 49 25 18 
45 42 99 12 92 94 50 85 96 44 90 38 33 68 53 
96 58 20 69 84 95 58 98 77 76 86 69 74 32 52 
75 74 29 98 98 84 91 62 83 19 37 87 45 54 99 
67 63 73 29 85 98 42 53 14 40 44 88 88 59 36 
80 88 58 87 59 48 19 18 99 58 18 21 89 95 40 
14 62 53 12 11 84 53 17 71 23 78 94 63 24 81 
25 16 32 87 98 72 16 72 90 16 16 14 36 99 71 
53 21 72 44 86 81 13 60 40 69 38 58 85 86 97 
33 58 86 68 44 65 86 55 21 86 60 90 21 33 56 
48 68 50 61 18 82 41 17 19 37 53 47 59 52 15 
72 29 53 59 76 33 43 63 40 72 31 58 30 50 50 
11 56 19 24 79 83 49 67 87 42 35 65 17 56 13 
75 23 27 55 49 69 21 19 71 55 90 48 81 76 58 
52 43 23 35 65 95 18 77 13 82 79 98 59 44 93 
34 82 12 73 16 69 79 73 44 25 12 71 37 43 64 
78 63 38 51 76 63 69 77 34 24 26 30 78 21 40 
69 78 70 47 44 82 88 65 61 98 30 34 45 68 40 
96 68 19 84 21 58 34 13 87 73 23 96 99 97 78 
78 18 71 51 93 58 40 52 70 46 25 35 28 49 68 
96 69 99 26 96 20 64 72 78 99 79 94 17 30 44 
87 91 54 71 43 35 95 98 22 82 85 83 87 56 25 
63 99 80 61 13 72 39 38 98 26 10 55 69 64 42 
40 48 36 13 46 97 82 48 17 81 24 63 92 59 37 
11 44 21 51 11 52 25 56 46 27 99 31 71 71 61 
16 52 74 14 94 35 10 24 80 11 93 75 79 85 42 
44 38 77 23 21 90 49 83 25 87 39 85 11 52 10 
58 34 87 24 51 51 53 65 49 49 53 84 35 41 87 
57 70 50 76 86 38 90 86 93 34 73 37 43 90 47 
71 63 29 43 90 25 74 14 87 35 30 25 61 22 53 
60 18 76 31 35 26 22 98 34 94 95 29 26 68 78 
86 63 67 38 17 26 93 46 30 10 24 90 28 45 10 
85 60 15 31 94 90 80 89 71 59 35 26 55 52 49 
89 39 54 43 63 61 52 48 39 87 13 76 67 42 18 
93 39 82 36 58 70 79 81 64 76 31 38 52 63 57 
13 71 58 63 12 85 67 10 52 36 81 69 80 61 64 
66 76 66 41 14 79 47 97 60 50 64 51 53 56 96 
29 72 86 70 26 49 62 91 38 56 98 72 48 83 82 
54 80 88 78 47 54 96 28 50 39 10 68 84 60 89 
48 52 13 10 94 60 49 22 14 80 91 68 62 16 68 
27 76 24 91 80 92 34 79 91 53 21 17 93 70 56 
79 10 61 75 26 61 72 58 36 60 17 47 52 16 74 
40 69 36 52 46 50 43 30 26 39 70 40 68 70 33 
79 37 77 95 60 88 73 11 29 92 54 98 25 69 65 
42 77 95 80 64 59 49 90 44 61 84 78 34 25 71 
24 89 44 72 27 16 32 21 44 29 91 16 37 84 37 
87 64 77 23 93 25 25 53 81 97 29 62 30 80 98 
75 63 53 13 71 84 20 18 12 19 81 68 89 21 94 
33 79 15 80 22 58 27 98 49 53 88 67 15 23 27 
60 32 55 35 86 99 84 36 85 24 39 19 22 78 45 
85 81 51 24 98 36 40 22 57 44 56 41 18 59 68 
55 40 50 22 32 96 46 77 42 29 46 26 79 98 17 
85 33 44 59 56 33 33 38 31 72 29 24 32 16 67 
87 22 76 48 69 63 25 88 98 70 56 63 64 88 33 
45 24 98 18 84 91 19 21 69 25 61 25 12 33 18 
36 88 19 21 19 88 31 70 49 60 18 38 73 73 21 
89 98 50 11 82 84 24 31 46 54 12 65 76 12 87 
18 42 79 16 99 84 22 44 77 21 75 89 71 71 86 
29 22 40 14 25 75 22 16 88 48 49 78 27 90 29 
64 27 91 12 78 23 53 11 62 97 37 37 12 38 45 
83 72 46 81 64 10 77 29 51 26 93 68 48 57 40 
70 91 45 47 72 40 59 82 28 86 51 23 12 68 44 
80 24 83 94 73 99 63 66 81 86 71 49 23 29 62 
84 84 75 59 44 46 89 93 28 71 78 76 83 76 42 
77 30 93 82 19 79 73 53 59 56 73 55 18 27 24 
17 88 96 27 65 22 40 49 78 49 65 72 76 27 11 
43 38 59 41 70 93 77 69 55 53 20 45 37 30 58 
68 42 42 31 16 18 72 41 97 63 13 24 28 76 71 
80 28 33 37 25 93 45 93 87 33 86 56 96 86 80 
80 19 86 67 19 14 41 61 95 92 24 40 79 77 46 
66 82 50 34 97 19 83 25 33 75 77 68 26 86 95 
86 86 91 73 35 92 72 97 78 54 67 11 37 22 96 
22 66 74 85 55 25 32 61 54 11 59 35 56 64 48 
61 42 46 72 81 77 73 68 38 63 76 12 85 65 38 
87 69 28 46 99 78 31 31 64 71 14 62 62 31 29 
11 14 60 72 58 81 90 89 24 89 18 58 74 58 70 
74 85 29 83 28 47 55 62 34 76 11 65 19 72 44 
83 76 29 18 56 15 83 43 39 80 93 40 35 25 65 
51 32 99 60 85 12 22 18 40 79 79 81 88 68 91 
91 37 19 61 65 23 45 20 71 98 15 83 91 88 80 
59 18 93 38 52 16 58 92 96 94 19 78 92 32 63 
42 28 45 51 80 26 42 18 31 38 84 46 20 44 41 
33 72 78 61 93 35 69 56 61 31 72 93 19 33 71 
74 14 44 94 44 33 78 24 98 88 58 28 59 46 81 
97 72 50 68 74 43 80 67 19 60 13 70 27 96 32 
32 90 36 11 93 23 70 95 16 68 13 89 82 48 19 
57 35 46 82 37 94 43 31 44 32 43 23 69 54 74 
36 58 15 83 93 94 36 88 98 17 21 25 80 28 19 
82 81 28 21 47 27 41 73 85 29 61 10 38 69 99 
57 30 49 94 96 48 48 94 60 59 84 19 61 22 91 
48 95 65 20 18 78 41 40 72 46 41 68 84 81 84 
77 68 32 32 63 28 59 83 88 81 35 11 36 17 61 
22 23 58 28 64 37 51 27 44 14 43 38 15 13 83 
78 47 67 71 80 98 79 53 34 62 43 32 92 32 82 
84 69 82 25 79 70 76 19 84 61 26 48 78 29 73 
49 54 96 86 23 59 55 86 37 94 50 25 48 90 13 
36 65 87 80 54 53 81 80 84 29 69 24 41 88 82 
81 52 90 31 36 55 13 41 65 83 69 40 42 61 87 
65 82 20 36 11 10 21 89 18 42 87 51 57 61 44 
82 21 20 13 80 56 67 52 20 27 16 79 71 10 37 
82 19 71 75 28 35 81 50 92 22 83 90 61 21 51 
28 59 43 21 91 24 64 68 21 53 92 89 12 17 44 
60 63 86 54 51 98 11 52 50 98 49 37 28 70 97 
42 15 10 54 48 57 13 48 79 65 20 67 38 56 48 
77 35 94 49 94 89 68 44 84 81 87 22 32 43 50 
53 69 69 84 54 64 64 45 95 29 43 38 87 67 92 
76 42 36 42 32 53 72 57 66 12 45 87 21 63 48 
83 77 54 90 95 41 80 79 48 80 96 38 45 96 72 
15 36 75 56 18 49 17 68 62 58 56 21 64 27 66 
37 65 89 79 32 82 48 50 72 11 33 37 92 29 55 
76 47 84 64 14 84 99 98 72 98 41 42 30 34 82 
83 95 89 14 50 88 95 62 78 70 71 53 95 57 53 
43 34 23 19 75 30 93 98 53 85 87 50 53 94 89 
20 88 43 62 96 79 65 43 62 49 18 11 60 83 49 
99 50 50 15 23 38 60 32 83 21 58 29 40 94 46 
96 12 59 46 58 53 45 44 48 48 51 64 40 88 95 
85 10 67 71 38 96 41 32 49 13 74 54 53 32 44 
18 12 85 42 39 74 58 31 79 63 57 59 23 37 91 
20 76 73 41 95 51 28 77 97 96 68 87 37 16 71 
28 25 30 70 25 79 66 11 85 54 17 43 79 36 38 
43 98 62 59 40 42 14 47 84 31 35 67 37 23 41 
98 57 88 43 10 90 70 17 46 61 71 62 62 90 99 
73 25 43 29 64 91 42 22 90 73 28 30 73 10 51 
90 61 50 21 86 51 87 40 32 87 79 61 94 49 33 
33 40 21 93 48 56 68 43 94 90 70 65 13 63 74 
48 29 36 97 34 78 64 75 31 68 82 21 77 27 11 
68 94 23 12 13 93 13 36 24 29 90 55 77 48 24 
72 84 44 81 79 83 10 67 48 15 87 32 38 88 19 
80 45 11 22 22 80 56 66 22 13 10 56 24 86 82 
78 53 17 49 59 77 33 11 81 98 17 57 65 69 94 
35 29 72 64 54 52 29 97 11 63 23 72 37 86 47 
42 44 19 29 15 67 69 39 55 39 44 72 49 47 58 
22 67 75 64 78 77 91 88 70 56 97 92 50 40 16 
23 61 95 13 38 46 91 80 27 98 73 64 36 29 67 
64 10 26 94 43 98 39 89 94 24 43 12 78 94 62 
29 44 68 85 36 33 34 83 91 38 97 82 31 32 96 
99 61 38 60 11 75 70 18 52 66 70 59 19 94 21 
76 75 11 36 47 25 14 33 52 87 68 22 99 71 83 
59 77 35 87 39 48 35 68 60 56 30 10 37 83 86 
53 75 25 71 61 52 46 78 94 92 55 20 56 77 89 
21 60 22 36 51 61 44 25 40 54 57 66 10 11 64 
46 91 75 45 23 38 78 10 80 40 86 75 28 87 83 
24 45 16 58 99 78 12 84 22 33 39 23 24 64 23 
76 52 35 12 36 51 30 65 92 85 69 35 30 13 19 
94 96 92 87 53 24 14 33 23 45 75 94 28 18 35 
97 44 57 51 62 63 56 34 39 78 67 12 56 85 26 
55 52 94 46 89 98 54 87 88 16 42 68 22 60 28 
94 32 80 65 20 72 37 59 71 40 11 92 10 93 74 
74 97 19 64 17 33 16 78 94 49 89 11 57 95 76 
44 24 30 19 43 22 42 64 65 78 38 58 84 13 11 
42 52 54 29 92 18 93 49 59 10 40 23 37 42 34 
21 71 75 57 12 56 41 50 33 35 65 58 11 29 99 
70 78 40 80 65 34 66 38 66 56 70 55 46 71 72 
19 58 32 97 51 81 39 68 57 76 61 37 36 63 29 
23 46 98 25 15 10 42 18 32 23 20 81 45 76 21 
34 60 12 43 18 90 90 22 79 68 30 72 78 23 61 
96 14 26 15 95 30 82 54 18 21 32 52 47 22 82 
38 61 87 77 93 96 51 78 62 82 41 28 86 24 75 
83 91 47 38 62 23 45 25 15 99 99 17 95 62 50 
59 56 87 84 16 23 67 17 73 36 65 16 79 59 48 
72 21 98 46 31 46 53 56 83 56 88 78 11 43 66 
55 80 48 99 35 75 86 31 47 40 17 81 31 39 87 
98 17 27 49 75 60 40 28 41 15 31 73 61 59 17 
29 73 86 94 85 35 88 51 77 93 10 47 19 19 54 
94 29 63 29 18 94 10 93 91 68 23 68 31 46 81 
98 33 90 66 74 72 80 24 59 41 16 54 53 85 47 
47 47 67 55 48 86 63 77 94 62 74 42 73 17 95 
20 94 99 28 97 37 10 84 52 69 83 56 75 46 49 
31 98 77 23 75 26 35 84 84 19 47 24 25 31 33 
64 71 49 82 71 86 63 34 55 45 88 58 72 52 49 
20 52 70 55 73 84 64 58 37 31 65 82 37 90 84 
47 81 23 64 43 42 36 65 94 64 44 20 94 51 55 
51 44 95 57 95 54 36 52 90 18 55 89 44 63 78 
12 83 52 38 53 71 57 28 26 34 10 38 83 36 52 
42 70 66 79 77 51 30 84 43 21 66 15 25 70 96 
18 67 10 83 59 31 92 15 61 45 52 35 10 30 96 
22 43 29 30 85 56 20 59 45 69 50 97 69 41 27 
25 41 22 21 86 56 35 70 58 33 70 46 18 93 65 
57 94 13 96 91 57 31 69 61 84 83 63 74 12 43 
84 16 49 58 42 46 27 20 70 70 38 15 92 87 19 
21 66 85 92 87 92 99 96 10 43 58 80 40 44 36 
44 71 99 63 42 83 82 95 39 27 12 10 98 46 10 
91 16 13 40 47 68 31 15 55 38 92 61 20 89 51 
52 78 34 52 25 55 12 60 47 30 70 61 77 29 90 
46 29 85 46 65 45 55 29 23 40 51 40 48 12 54 
10 22 45 39 31 78 42 40 34 52 52 13 83 28 86 
21 22 81 49 46 19 16 45 49 17 69 71 76 22 32 
95 28 71 61 31 28 25 48 97 97 43 78 28 13 19 
87 35 57 30 67 47 72 25 46 25 83 73 62 55 80 
65 63 87 84 52 74 39 64 28 58 60 88 38 82 12 
89 62 31 54 82 18 54 78 28 67 96 20 43 82 53 
19 39 53 79 67 61 40 11 56 91 95 13 73 42 18 
91 70 66 54 94 22 43 23 64 50 32 31 72 98 20 
69 59 83 30 71 20 54 28 51 64 33 72 81 19 69 
65 17 55 84 72 62 28 12 83 17 69 85 74 83 36 
19 26 53 85 43 52 50 92 69 62 45 50 15 75 73 
18 41 61 43 40 28 33 10 39 28 70 27 70 79 31 
86 16 95 56 29 46 75 74 24 25 38 44 21 78 38 
90 51 88 51 86 19 55 30 27 15 84 45 34 39 54 
85 31 78 48 56 54 19 62 59 81 11 73 78 62 67 
61 89 94 82 80 31 98 52 58 23 68 76 19 45 31 
61 96 66 47 81 64 90 39 95 14 84 55 26 25 96 
99 89 15 13 41 87 96 51 84 82 30 74 17 52 95 
41 97 87 82 60 29 20 23 57 10 99 26 52 24 69 
25 50 55 58 82 27 48 62 63 16 99 28 64 95 13 
89 66 43 65 79 36 27 23 26 80 49 58 44 88 24 
69 65 88 86 84 87 21 47 61 77 76 32 28 40 76 
43 64 97 48 37 80 45 42 80 20 67 80 99 93 33 
14 46 22 42 68 20 94 60 46 76 88 78 70 10 64 
42 17 57 32 26 84 75 31 61 62 38 34 35 69 36 
84 14 17 74 66 25 66 30 63 85 31 36 33 51 33 
35 24 58 85 93 43 81 14 92 32 85 51 92 43 51 
20 44 66 23 25 75 53 23 25 16 15 44 87 86 48 
27 45 41 11 11 56 15 87 42 76 20 81 26 56 38 
99 62 38 94 98 87 84 75 84 18 63 15 25 58 80 
65 55 86 38 70 92 33 65 67 29 63 32 59 38 64 
32 42 94 26 73 79 10 51 25 85 82 32 66 19 30 
34 94 36 98 92 36 14 30 54 66 68 15 63 77 29 
37 68 84 49 18 16 64 33 42 26 99 12 77 64 37 
58 74 65 95 92 63 38 10 52 46 63 41 71 35 88 
48 24 77 57 72 40 99 94 79 51 26 13 98 36 45 
47 76 82 76 68 14 35 71 85 16 71 38 46 59 12 
97 57 94 94 15 70 22 46 52 34 44 22 98 93 51 
60 66 98 35 10 58 29 61 63 27 81 85 52 64 37 
73 31 28 74 16 40 23 10 70 46 47 35 30 29 97 
68 85 22 66 33 12 29 50 84 77 29 60 37 85 97 
81 89 53 45 54 94 92 73 41 77 49 70 90 10 10 
76 22 36 17 10 93 60 56 97 65 22 33 13 83 36 
71 51 85 60 54 98 65 34 55 99 97 71 71 22 83 
63 27 12 47 14 97 81 76 93 50 81 62 60 64 19 
80 16 49 15 42 16 40 89 11 82 63 28 77 81 23 
55 43 38 10 80 51 21 98 29 39 24 71 83 20 70 
94 95 49 25 27 73 66 83 65 37 44 46 32 48 62 
22 97 70 45 14 37 22 66 65 48 24 18 19 43 46 
68 61 26 12 28 19 70 40 89 21 83 85 36 45 20 
43 70 28 84 61 79 77 84 67 59 60 69 45 31 22 
39 11 85 39 61 56 47 56 17 64 21 24 58 51 21 
36 58 14 90 43 75 39 99 96 45 34 44 77 26 34 
16 36 74 25 80 73 99 61 96 20 75 37 47 51 21 
38 91 68 43 51 55 68 80 13 83 73 90 24 76 68 
87 64 36 82 59 30 44 90 89 36 91 95 87 73 76 
29 26 96 45 66 61 67 55 34 22 81 58 37 98 81 
33 22 43 41 29 60 79 98 47 18 46 73 24 81 99 
69 46 50 99 79 18 65 56 83 35 93 56 95 36 98 
85 10 81 32 32 95 80 91 58 67 72 80 20 55 24 
80 29 91 41 13 27 71 52 20 36 78 72 93 33 86 
47 65 23 30 57 83 97 98 28 26 81 92 82 93 83 
76 36 56 70 56 96 36 54 37 36 53 12 63 40 37 
21 32 59 37 18 35 44 83 70 87 81 99 14 34 73 
12 32 46 77 66 72 15 44 46 68 53 49 28 24 78 
11 57 49 38 97 41 60 27 13 91 10 70 45 94 54 
38 50 46 90 16 67 54 29 79 38 23 30 36 25 64 
69 12 34 65 97 93 42 67 40 83 92 42 59 33 86 
37 15 86 90 94 35 20 58 43 97 16 61 94 57 11 
36 77 67 65 64 97 88 40 90 17 61 37 27 84 32 
20 60 69 99 34 98 89 45 32 89 63 42 73 65 62 
94 45 64 97 24 66 91 66 78 61 21 84 35 34 13 
29 24 93 33 76 60 13 97 68 15 79 67 15 71 62 
35 58 63 60 68 10 89 22 13 73 67 34 79 51 30 
81 64 83 86 40 47 12 37 72 35 77 82 26 22 28 
65 64 25 94 13 80 25 57 39 83 39 90 95 43 55 
92 77 78 93 56 36 17 97 77 11 49 76 36 51 34 
22 89 48 26 38 79 36 49 98 23 84 41 93 58 62 
11 47 57 61 15 52 77 13 66 50 18 52 93 53 19 
83 25 92 11 96 61 75 68 66 35 53 28 87 89 77 
13 55 91 31 32 58 53 45 40 85 33 41 86 77 15 
80 95 77 75 69 49 47 12 59 71 76 49 63 97 52 
44 86 19 43 84 21 86 33 92 65 52 23 90 14 11 
46 10 84 72 71 79 43 77 52 17 13 84 57 62 54 
34 84 56 63 92 44 47 90 76 94 30 25 26 67 93 
14 54 23 37 20 68 81 74 92 13 81 32 82 36 65 
75 11 79 70 62 18 50 83 83 14 47 65 87 56 41 
13 47 78 11 64 75 50 36 22 78 53 74 22 38 30 
94 63 53 10 30 37 96 15 73 79 34 74 42 73 56 
69 74 17 68 88 41 81 96 19 12 73 78 58 25 25 
99 88 22 55 49 64 12 51 77 10 36 86 97 88 29 
15 62 82 90 24 79 50 38 17 86 24 17 86 29 11 
53 10 11 87 78 80 88 52 89 72 58 40 48 31 76 
36 18 87 72 29 79 20 34 20 98 20 59 87 43 56 
71 92 15 27 25 89 62 13 74 65 40 92 18 53 48 
44 30 54 60 60 69 27 74 95 62 86 82 83 40 54 
28 18 12 54 91 53 26 51 69 50 59 72 26 89 56 
61 97 18 93 58 30 85 59 79 78 13 87 92 35 16 
88 50 32 72 28 26 67 89 82 30 23 19 16 77 75 
19 70 33 36 96 49 49 89 62 41 90 96 87 55 22 
87 68 60 30 66 56 82 47 65 14 73 96 68 75 99 
17 30 85 57 43 77 18 14 58 54 69 31 82 13 26 
73 92 99 26 82 29 49 39 34 50 90 69 17 51 67 
48 85 76 62 63 32 46 67 51 75 96 90 18 48 73 
42 98 63 18 63 91 17 63 73 37 39 34 16 83 69 
97 41 80 57 86 21 11 13 51 62 32 94 73 99 95 
49 26 48 41 76 53 78 21 19 94 72 57 77 58 22 
63 11 52 15 62 26 81 99 51 36 14 47 74 51 67 
45 47 65 99 14 16 76 67 46 98 49 18 55 98 39 
18 31 76 46 84 63 26 60 43 81 67 36 84 17 99 
64 57 97 10 28 92 19 73 58 49 84 12 39 52 80 
72 97 17 52 33 86 33 27 67 47 24 70 86 75 10 
53 12 22 63 42 25 65 34 23 81 89 60 14 32 60 
16 99 70 26 30 97 11 28 61 97 63 51 90 81 28 
41 72 39 15 59 85 28 96 68 50 28 84 98 62 40 
64 73 59 84 18 57 50 53 90 92 62 61 48 38 56 
22 11 52 23 79 26 77 47 24 27 29 12 21 79 63 
51 59 57 20 84 41 53 31 86 65 37 57 93 55 58 
78 63 36 70 17 17 21 78 40 75 20 93 36 10 53 
34 49 83 43 34 46 66 38 81 80 13 48 60 70 30 
36 64 14 12 65 45 64 92 93 72 93 51 15 67 11 
55 76 68 69 74 23 11 53 24 28 64 34 65 41 67 
86 10 64 98 81 56 25 57 35 38 70 20 16 90 79 
56 41 70 73 57 10 36 62 65 76 96 53 89 68 87 
69 40 40 35 57 16 26 30 76 69 95 82 72 31 61 
13 96 53 26 81 50 19 39 29 80 44 42 23 80 42 
59 47 58 12 85 74 51 28 52 30 92 57 84 57 35 
48 76 51 15 83 85 87 95 98 10 81 96 60 61 55 
41 18 22 72 21 46 89 53 23 50 87 74 52 58 86 
34 46 72 19 24 93 66 98 52 45 57 16 13 30 23 
47 56 23 55 76 82 19 66 33 66 53 62 22 67 77 
68 25 46 44 37 36 54 34 54 61 56 68 85 56 90 
87 27 57 99 11 15 20 19 98 94 46 33 76 14 82 
62 32 59 42 42 79 75 15 65 29 57 74 90 43 76 
28 80 16 51 27 88 29 78 50 39 78 23 53 72 75 
75 67 80 69 47 84 54 78 62 83 94 71 21 61 80 
31 33 64 29 64 97 48 77 16 77 79 34 80 12 32 
92 15 47 12 42 75 40 89 50 72 24 82 67 19 43 
91 77 15 65 99 12 77 10 47 54 27 24 61 86 77 
55 55 21 75 40 73 88 34 68 36 62 31 67 97 78 
83 67 65 17 71 49 23 22 41 39 80 27 19 73 62 
69 96 52 24 32 23 11 62 83 44 18 59 41 68 76 
17 69 19 56 16 47 51 86 90 14 63 88 25 67 36 
42 48 55 88 87 39 18 92 45 76 93 37 54 31 62 
40 59 24 83 41 68 23 95 10 94 90 26 43 31 46 
47 34 49 74 92 85 26 52 41 75 91 27 54 22 82 
82 48 70 77 46 43 89 23 68 24 88 94 96 27 76 
28 89 32 29 96 49 82 73 62 80 31 41 86 53 72 
81 82 20 69 29 58 94 88 67 66 14 23 80 95 70 
22 34 86 38 15 33 46 31 86 55 84 46 22 41 87 
57 88 29 24 18 35 94 65 75 14 30 65 48 87 33 
27 60 40 21 19 96 51 24 29 49 81 60 42 25 70 
98 32 81 11 11 72 75 60 76 97 33 93 69 55 98 
82 45 25 19 40 78 78 42 66 35 61 25 48 12 10 
59 23 13 93 94 58 43 74 94 67 60 88 49 96 59 
18 75 41 84 27 53 84 90 49 85 17 14 69 92 47 
56 89 29 48 63 24 57 16 57 77 77 88 63 29 84 
92 88 26 22 66 59 95 92 98 12 56 74 56 10 50 
55 14 14 68 44 83 71 61 56 39 13 86 46 81 37 
55 98 46 29 81 83 81 48 53 35 17 82 59 11 68 
23 16 45 69 22 44 68 80 19 69 18 59 15 56 91 
88 97 21 52 18 25 42 85 61 97 70 34 35 58 83 
87 80 51 81 42 19 83 87 73 46 90 81 63 67 51 
74 97 58 74 63 95 37 23 10 34 22 84 87 22 17 
60 50 27 78 88 81 78 88 82 46 57 62 26 55 18 
22 10 23 41 91 28 54 92 96 29 45 69 72 60 94 
55 98 53 82 50 68 72 61 97 81 22 59 95 82 55 
40 97 54 87 66 58 78 20 17 63 38 92 74 46 33 
27 85 80 94 10 85 54 15 41 94 22 83 82 56 26 
44 71 91 61 99 85 53 24 88 80 30 81 76 96 78 
96 29 37 37 48 58 10 60 27 45 69 95 86 26 56 
30 56 89 82 11 61 60 37 80 72 93 50 93 56 66 
38 53 24 54 28 28 83 47 49 90 80 45 13 34 80 
24 74 50 71 22 87 62 38 61 93 84 34 50 55 31 
76 79 49 64 11 27 19 58 44 47 67 81 46 55 66 
98 62 59 93 37 52 41 87 41 65 93 35 93 55 93 
67 15 76 36 30 10 48 71 39 52 69 96 32 22 48 
53 55 41 80 56 48 82 86 64 60 70 47 20 80 60 
30 82 49 29 61 70 37 79 66 58 26 34 88 45 10 
69 90 61 94 51 97 47 10 18 33 12 74 34 65 90 
94 97 11 29 54 60 88 31 89 35 72 80 77 71 94 
83 64 94 36 43 49 93 29 89 83 45 33 59 34 29 
71 90 97 79 50 21 76 54 22 89 24 50 53 71 50 
89 18 97 59 92 84 59 90 54 32 10 45 47 62 24 
51 79 60 18 12 42 17 78 65 26 22 68 64 60 21 
75 50 32 69 16 60 49 81 91 24 76 98 82 48 66 
23 96 20 61 39 90 55 49 47 14 49 83 87 36 17 
88 63 27 94 63 36 66 16 95 37 70 20 26 36 47 
96 98 69 28 43 16 51 56 78 90 55 98 19 15 76 
58 83 44 29 42 38 45 40 62 81 61 80 68 48 37 
16 88 92 16 98 75 28 49 93 26 29 70 76 51 59 
54 40 38 35 22 22 86 89 54 63 20 26 66 55 66 
62 39 79 64 54 94 34 37 43 18 75 90 35 66 17 
76 93 38 99 43 89 97 92 25 58 40 19 80 48 58 
87 46 33 64 35 52 96 50 14 38 41 70 96 35 63 
95 40 77 23 68 27 65 61 76 95 70 46 48 22 50 
20 30 48 78 52 70 61 21 72 27 55 72 63 17 36 
86 54 58 70 12 95 33 73 98 99 22 11 28 96 49 
20 28 59 46 32 29 58 26 90 62 30 50 15 56 89 
14 73 62 91 38 10 63 83 55 67 43 71 86 18 83 
10 12 42 71 38 42 54 83 68 33 24 85 97 11 87 
36 68 23 11 36 53 86 86 46 27 98 12 83 69 12 
27 61 48 89 49 49 89 15 61 45 84 81 50 49 32 
98 10 66 76 86 33 55 80 65 53 27 96 90 21 81 
95 92 61 19 56 69 42 54 70 81 27 70 81 60 58 
58 41 41 42 23 90 94 71 25 21 10 61 95 95 56 
64 90 57 49 26 79 81 17 40 78 19 29 65 22 93 
54 81 31 53 51 26 80 10 79 25 84 50 82 45 49 
34 58 28 18 67 31 26 38 37 15 48 27 79 27 10 
36 91 16 94 96 29 77 12 58 39 36 64 24 94 40 
45 91 45 17 88 33 78 25 17 73 19 37 49 96 10 
24 19 84 95 72 52 64 46 27 63 94 61 70 13 18 
86 95 14 33 40 89 11 14 59 60 16 89 78 51 22 
31 91 69 89 74 92 64 36 45 26 35 81 50 37 62 
73 37 41 72 40 55 16 60 57 49 25 12 63 58 86 
72 45 51 19 83 82 40 47 23 64 62 14 21 62 70 
13 46 15 90 72 23 65 96 41 74 16 61 71 43 14 
42 20 45 99 69 15 64 69 92 76 79 85 66 71 86 
40 69 88 80 74 89 74 38 36 42 86 96 29 36 77 
47 48 29 26 62 46 41 36 65 34 21 16 45 14 75 
10 92 78 20 91 52 72 74 73 45 33 66 59 82 17 
40 62 68 42 41 50 49 95 12 26 16 55 95 24 76 
82 42 86 77 98 30 10 50 77 18 79 52 75 95 77 
84 34 69 51 96 23 96 32 87 21 66 20 55 14 63 
41 96 57 53 31 11 66 62 20 22 69 68 61 13 67 
62 38 94 41 66 69 10 35 64 82 41 41 89 38 48 
30 55 88 31 16 83 66 72 96 50 91 55 48 72 10 
39 54 17 41 17 79 18 21 29 17 58 46 58 33 97 
74 74 38 32 39 96 22 99 70 45 26 26 52 32 75 
24 56 58 16 50 62 20 21 66 85 83 17 30 88 55 
20 91 33 82 74 95 91 67 24 12 62 33 26 10 53 
58 27 65 21 56 51 34 88 93 65 98 81 27 44 94 
98 87 69 70 88 14 46 83 56 71 92 30 79 28 62 
25 86 78 29 90 73 34 54 40 68 48 58 29 68 66 
82 83 98 76 29 71 78 12 16 26 86 81 23 83 98 
53 37 97 70 61 57 70 35 71 38 97 64 69 27 41 
38 90 62 87 17 44 50 83 39 30 47 76 82 54 29 
60 81 36 71 92 78 77 88 72 40 15 49 56 20 40 
40 52 24 86 49 51 61 44 80 33 78 60 40 29 46 
35 49 69 70 66 67 38 77 78 32 52 99 29 34 12 
96 96 78 35 28 24 57 75 75 48 75 63 12 76 97 
78 33 52 49 14 90 91 61 37 62 78 39 83 65 13 
56 20 55 12 26 23 98 17 92 29 41 37 88 55 40 
18 27 39 18 36 23 71 46 50 76 41 56 19 38 44 
22 51 77 42 45 18 42 45 86 28 51 95 11 47 15 
52 61 65 86 55 17 80 14 69 52 55 85 38 42 11 
59 64 40 77 28 94 37 25 35 45 31 70 58 92 76 
91 44 32 69 76 80 18 91 33 19 54 30 83 21 95 
12 64 61 12 67 30 70 65 28 21 22 45 43 53 80 
72 67 24 58 42 50 73 72 63 81 63 94 67 23 87 
81 88 25 43 58 91 83 98 83 93 13 34 14 10 89 
95 95 25 54 23 19 96 13 92 47 51 11 76 63 72 
47 10 31 28 19 57 54 44 70 32 49 29 46 65 31 
53 60 98 50 48 54 57 79 94 69 26 14 85 36 55 
73 20 79 77 76 45 75 77 26 49 37 40 39 88 46 
85 21 70 28 57 88 51 98 88 11 37 45 87 98 92 
39 63 14 20 22 25 80 44 78 45 93 15 15 70 83 
45 57 99 65 73 98 66 33 37 38 91 66 20 30 41 
23 25 90 12 50 93 30 20 30 92 15 82 57 40 14 
39 43 52 39 57 95 88 34 88 68 24 69 11 93 47 
29 31 46 44 39 30 32 41 23 81 69 94 90 45 37 
82 24 56 16 82 96 88 41 21 77 78 91 14 87 10 
40 88 61 31 41 35 86 17 59 17 94 22 33 81 65 
86 34 62 13 47 41 90 85 63 14 72 30 30 50 15 
32 93 57 42 36 48 36 28 75 70 46 61 42 67 20 
53 25 58 90 98 28 70 79 11 54 83 77 62 97 43 
91 40 42 88 92 45 29 11 12 74 95 60 60 15 53 
39 12 27 85 14 18 94 17 20 23 50 38 23 33 13 
96 46 78 76 73 70 61 37 93 78 96 97 90 36 92 
25 56 37 30 55 27 34 50 67 57 52 37 84 92 36 
31 93 30 62 21 96 14 21 14 86 87 86 85 19 94 
79 10 67 56 80 37 26 47 42 38 52 89 70 95 72 
71 41 55 80 95 21 78 20 66 36 56 25 80 70 15 
94 52 32 74 83 55 81 94 68 58 32 54 95 28 36 
52 31 62 19 97 26 57 84 58 22 74 16 87 44 12 
58 78 39 69 33 75 55 23 45 55 57 91 82 62 84 
95 85 25 19 59 55 91 37 35 19 22 58 24 45 26 
10 36 81 41 30 87 96 34 14 21 72 58 75 43 45 
47 95 77 39 52 11 99 68 96 68 10 75 59 12 92 
97 24 71 26 98 73 86 55 86 11 48 40 79 96 21 
73 58 69 39 31 74 49 34 15 97 77 15 44 48 28 
37 71 13 79 15 65 79 64 34 59 41 30 71 70 65 
87 54 98 93 92 53 65 75 12 94 53 69 42 31 25 
63 34 98 83 76 51 57 87 81 21 94 78 31 30 36 
86 16 35 94 30 61 80 19 93 48 84 48 32 99 50 
57 44 42 38 99 66 66 89 64 85 75 86 82 57 12 
31 60 27 53 51 45 40 50 43 49 80 32 60 60 77 
73 26 86 78 66 78 57 51 41 33 17 20 86 89 93 
93 42 51 15 42 45 55 86 91 45 36 14 61 22 58 
76 32 15 85 85 90 73 27 76 43 83 22 43 28 51 
64 74 50 99 15 21 89 24 62 96 25 38 92 24 89 
63 59 81 50 57 89 94 57 56 69 70 58 21 64 90 
49 94 15 44 27 11 14 61 58 31 83 45 79 37 36 
56 93 39 42 55 64 97 49 46 14 89 47 58 19 34 
25 80 58 71 55 80 78 57 22 61 33 60 33 77 66 
69 31 13 77 67 61 71 24 59 33 60 76 91 90 27 
26 56 27 27 17 75 44 64 50 15 96 13 61 96 12 
42 21 68 55 39 68 42 38 76 57 41 55 96 61 60 
56 81 61 15 99 24 34 19 53 25 86 48 61 61 37 
51 67 14 43 57 98 53 18 52 23 76 15 63 40 48 
53 45 58 92 27 29 11 50 82 83 65 40 29 75 35 
62 36 71 90 40 75 93 60 81 31 99 97 36 31 55 
94 61 83 98 75 93 45 86 98 53 39 47 79 88 21 
60 82 48 89 20 69 45 40 32 46 13 55 51 96 42 
63 43 97 42 43 87 31 63 33 22 62 95 97 70 66 
49 73 97 76 53 60 27 24 32 91 17 99 41 16 58 
55 67 42 77 59 90 12 98 42 96 27 81 49 60 62 
